"id","x","y","variant","corpus","year","text","lect"
"计划/Na/CNA_CMN_20010116_wpr/61463",-0.0215509445831196,0.0464225352359844,"计划","CNA","2001","」/PARENTHESISCATEGORY<br>她/Nh 说/VE :/COLONCATEGORY<br>「/PARENTHESISCATEGORY<br>这/Nep 项/Nf 集会/Na 和/Caa<br>原先/A <b>计划/Na</b> 的/DE<br>不同/Na 。/PERIODCATEGORY<br>」/PARENTHESISCATEGORY<br>她/Nh 指出/VE ,/COMMACATEGORY<br>在/P 本/Nes 月/Nf","TW"
"计划/Na/ZBN_CMN_20030809_wpr/77680",0.0492412564770857,-0.0399115036952592,"计划","ZBN","2003","新加坡/Nc 风采/Na 。/PERIODCATEGORY<br>”/PARENTHESISCATEGORY<br>与/Caa 旅游局/Nc 联手/D 推展/VB<br>这/Nep 个/Nf <b>计划/Na</b><br>的/DE 是/SHI 新加坡/Nc 邮政/Na<br>、/PAUSECATEGORY 新航/Nc<br>和/Caa 浮尔顿/Nb 酒店/Nc 。/PERIODCATEGORY","SG"
"方案/Na/CNA_CMN_20001227_wpr/107311",0.0653202100014966,0.0528603063417539,"方案","CNA","2000","准备/VC 对/P 美国/Na 总统/Na<br>柯林顿/Nb 提出/VE 的/DE 中/Ncd<br>东/Ncd 和平/VH <b>方案/Na</b><br>作出/VC 回应/VC 。/PERIODCATEGORY<br>即将/D 于/P 明年/Nd 元月/Nd<br>二十日/Nd 卸任/VH 的/DE","TW"
"计划/Na/ZBN_CMN_20030429_wpr/26913",-0.149849994833025,0.0102833425882898,"计划","ZBN","2003","库金汇/Nb 投资/Na （/PARENTHESISCATEGORY<br>SBI/FW E2-Capital/FW<br>）/PARENTHESISCATEGORY<br>是/SHI 这/Nep 个/Nf 售股/Na<br><b>计划/Na</b> 的/DE 主理商/Na<br>。/PERIODCATEGORY 三/Neu<br>公司/Nc 股票/Na 升级/VH 力科/Nb<br>科技/Na （/PARENTHESISCATEGORY","SG"
"计划/Na/XIN_CMN_20001205_wpr/79194",0.0276614689690089,-0.0648243569781254,"计划","XIN","2000","和/Caa 市场/Nc 竞争力/Na 。/PERIODCATEGORY<br>我国/Nc 自/P 1986年/Nd 开始/VH<br>实施/Nv 863/Neu <b>计划/Na</b><br>CIMS/FW 主题/Na 。/PERIODCATEGORY<br>经过/Na 15/Neu 年/Nf 的/DE<br>不懈努力/Na ,/COMMACATEGORY<br>终于/D","ML"
"方案/Na/XIN_CMN_20001227_wpr/68096",0.0605416452828783,0.0390337613710847,"方案","XIN","2000","美国/Na 新/VH 近/Da 提出/VC<br>的/DE 解决/Nv 巴/Nc 以/P 冲突/Na<br>新/VH <b>方案/Na</b> 进行/VC<br>磋商/Nv 。/PERIODCATEGORY<br>如果/Cbb 会见/VC 得以/D 进行/VC<br>,/COMMACATEGORY 这/Nep<br>将/D","ML"
"方案/Na/XIN_CMN_20030715_wpr/53699",0.0304196094234473,0.0415925403172372,"方案","XIN","2003","一/Neu 方案/Na 表示/VE 坚决/VH<br>反对/VE ,/COMMACATEGORY<br>认为/VE 贝克/Nb 的/DE 新/VH<br><b>方案/Na</b> 是/SHI “/PARENTHESISCATEGORY<br>一/Neu 种/Nf 倒退/VA ”/PARENTHESISCATEGORY<br>,/COMMACATEGORY “/PARENTHESISCATEGORY<br>危害/VC 了/Di","ML"
"计划/Na/CNA_CMN_20001130_wpr/157476",0.0156604089650228,-0.00248398875111611,"计划","CNA","2000","康/Nb 发展/Na 和/Caa 社会/Na<br>全面/Na 进步/VH ,/COMMACATEGORY<br>实现/VC 「/PARENTHESISCATEGORY<br>十五/Neu <b>计划/Na</b> 」/PARENTHESISCATEGORY<br>的/DE 良好/Nv 开局/Nc 。/PERIODCATEGORY<br>会议/Na 提出/VC 大陆/Nc 明年/Nd<br>经济/Na","TW"
"计划/Na/XIN_CMN_20001031_wpr/67998",0.0116914924535666,-0.010381406278904,"计划","XIN","2000","换/VC 食品/Na ”/PARENTHESISCATEGORY<br>计划/Na ,/COMMACATEGORY<br>但/Cbb 由于/Cbb 种种/Nf 原因/Na<br>该/Nes <b>计划/Na</b> 未/D<br>能/D 达到/VJ 预期/Na 目的/Na<br>。/PERIODCATEGORY 联合国安理会/Na<br>于/P 今年/Nd 6月/Nd","ML"
"计划/Na/CNA_CMN_20001119_wpr/37742",0.0730295400755273,-0.108389511128453,"计划","CNA","2000","正式/VH 揭牌/Na 。/PERIODCATEGORY<br>赖英芳/Nb 指出/VE ,/COMMACATEGORY<br>有/V_2 很多/Neaq 政策/Na 或/Caa<br><b>计划/Na</b> 都/D 必须/VH<br>以/P 社区/Nc 为/VG 起点/Na<br>,/COMMACATEGORY 相信/VK<br>在/P 提昇/VC","TW"
"方案/Na/CNA_CMN_20001019_wpr/123120",-0.00847548447184454,0.00477099929320763,"方案","CNA","2000","决定/Na ,/COMMACATEGORY<br>不过/Cbb ,/COMMACATEGORY<br>明年/Nd 全面/Na 开办/VC 的/DE<br>多元/Na 入学/Nv <b>方案/Na</b><br>,/COMMACATEGORY 採/VC<br>登记/Nv 入学/Nv 方案/Na 的/DE<br>招生/Nv 名额/Na 比例/Na ,/COMMACATEGORY","TW"
"计划/Na/ZBN_CMN_20001106_wpr/6790",-0.0721138999485736,0.154066772332887,"计划","ZBN","2000","年前/Nd 车祸/Na 重伤/VH ，/COMMACATEGORY<br>促使/VL 戈尔/Nb 把/P 竞选/Nv<br>总统/Na 的/DE <b>计划/Na</b><br>延后/VC 。/PERIODCATEGORY<br>戈尔/Nb 后/Ng 来到/Nv 宾夕法尼亚州/Nc<br>向/P 当地/Nc 工运/Na 组织/Na","SG"
"计划/Na/ZBN_CMN_20030625_wpr/27939",0.0465268162279796,-0.0404468477928747,"计划","ZBN","2003","随着/P 我国/Nc 出现/Nv 更多/VH<br>研究/VC 与/Caa 发展/Na 活动/Na<br>的/DE 创意/Na <b>计划/Na</b><br>，/COMMACATEGORY 高薪/Na<br>就业机/Na 会/D 也/D 会/D 跟着/VC<br>增加/Nv 。/PERIODCATEGORY<br>创意/Na","SG"
"方案/Na/XIN_CMN_20001225_wpr/26526",0.0416850530882044,0.0522603691329769,"方案","XIN","2000","自治区/Nc 、/PAUSECATEGORY<br>直辖市/Na 通信/Na 管理局/Nc 会同/VC<br>物价/Na 主管/Na 部门/Na 提出/VC<br><b>方案/Na</b> 后/Ng ,/COMMACATEGORY<br>报/VC 省/Nc (/PARENTHESISCATEGORY<br>区/Nc 、/PAUSECATEGORY<br>市/Nc )/PARENTHESISCATEGORY<br>人民/Na","ML"
"计划/Na/XIN_CMN_20030509_wpr/52334",0.0241529305335635,-0.0217495044123403,"计划","XIN","2003","联合国/Nc 秘书长/Na 安南/Nc 管理/Na<br>的/DE “/PARENTHESISCATEGORY<br>石油/Na 换/VC 食品/Na ”/PARENTHESISCATEGORY<br><b>计划/Na</b> 。/PERIODCATEGORY<br>提案/Na 强调/VE ,/COMMACATEGORY<br>伊拉克人/Na 民有权/Na 自由/Na<br>决定/VE 其/Nep 政治/Na","ML"
"方案/Na/XIN_CMN_20001208_wpr/17021",0.0553303156837853,-0.0143059800740031,"方案","XIN","2000","采购/VC 由于/Cbb 采用/VC 了/Di<br>海/Na 虹/Na 药/Na 通/VC 电子商务/Na<br>解决/VC <b>方案/Na</b> ,/COMMACATEGORY<br>实现/VC 了/Di 全国/Nc 首/Nes<br>次/Nf 真正/D 在/P 网/Na 上/Ncd","ML"
"计划/Na/CNA_CMN_20001113_wpr/128696",-0.0753080164840161,0.0337186647221446,"计划","CNA","2000","外/Ng ,/COMMACATEGORY<br>还/D 有/V_2 兴建/VC 跨海/A<br>大桥/Nc 、/PAUSECATEGORY<br>水头/Na 商港/Nc <b>计划/Na</b><br>、/PAUSECATEGORY 金门/Nc<br>航空站/Nc 、/PAUSECATEGORY<br>中华/Nc 电信/Na 及/Caa 勘/VC<br>查/VE 大胆岛/Na","TW"
"方案/Na/XIN_CMN_20001105_wpr/4808",0.0289525297202339,0.0166300678777031,"方案","XIN","2000","存在/VA 的/DE 突出/VH 问题/Na<br>,/COMMACATEGORY 制定/VC<br>了/Di 相应/VH 的/DE 整改/VC<br><b>方案/Na</b> ,/COMMACATEGORY<br>坚持/VK 边/Ncd 整/VC 边/Ncd<br>改/VC ,/COMMACATEGORY<br>同时/Nd 提出/VC 了/Di","ML"
"计划/Na/ZBN_CMN_20030813_wpr/41926",-0.00345862921924042,-0.0760277987507804,"计划","ZBN","2003","大陆/Nc 人士/Na 到/VCL 香港/Nc<br>定居/VA 的/DE “/PARENTHESISCATEGORY<br>输入/Nv 内地人/Na 才/Da <b>计划/Na</b><br>”/PARENTHESISCATEGORY<br>反应热/Na 烈/VH ，/COMMACATEGORY<br>至今/D 已/D 收到/VC 220/Neu<br>份/Nf 申请/VC","SG"
"方案/Na/XIN_CMN_20030813_wpr/12221",0.0121650941398338,-0.00756081125744089,"方案","XIN","2003","官员/Na ,/COMMACATEGORY<br>正在/D 研究/VC 老/VH 工业/Na<br>基地/Nc 调整/VC 与/Caa 改造/Na<br><b>方案/Na</b> ,/COMMACATEGORY<br>起草/VC 总体/Na 规划/Na 和/Caa<br>实施/Nv 计划/Na ,/COMMACATEGORY<br>并/Cbb 准备/VC","ML"
"计划/Na/ZBN_CMN_20030601_wpr/53922",0.0185289091019496,0.000579306987805385,"计划","ZBN","2003","日/Nc 本/Nf 一向/D 对于/P 任何/Neqa<br>超出/VJ 反战/VH 宪法/Na 限制/Na<br>的/DE <b>计划/Na</b> 非常/Dfa<br>紧张/VH ，/COMMACATEGORY<br>因此/Cbb 提升/Nv 防御/Nv 能力/Na<br>的/DE 计划/Na 预料/VE","SG"
"计划/Na/ZBN_CMN_20030520_wpr/81707",-0.316518201303124,0.241363274347201,"计划","ZBN","2003","，/COMMACATEGORY 新航/Nc<br>强调/VE ，/COMMACATEGORY<br>要/D 飞机师/Na 申请/VC 无薪/Na<br>假期/Na 的/DE <b>计划/Na</b><br>还/D 没有/D 定案/VB 。/PERIODCATEGORY<br>新航/Nc 发言人/Na 回答/Na 本报/Na<br>询问/Nv 时/Ng","SG"
"计划/Na/ZBN_CMN_20030626_wpr/30461",0.0404785746205239,-0.0325356634648641,"计划","ZBN","2003","个/Nf 与/Caa 资讯/Na 通信/Nv<br>发展/Na 管理局/Nc 的/DE 两/Neu<br>年/Nf 合作/VH <b>计划/Na</b><br>，/COMMACATEGORY “/PARENTHESISCATEGORY<br>资讯/Na 通信/Na 发展/Na 管理局/Nc<br>和/Caa 微软/Nb 公司/Nc 都/D","SG"
"计划/Na/XIN_CMN_20001201_wpr/18360",0.0518342622374606,-0.0171562447091288,"计划","XIN","2000","李术峰/Na )/PARENTHESISCATEGORY<br>从/P 十/Neu 年/Nf 规划/Na<br>到/VCL “/PARENTHESISCATEGORY<br>十五/Neu ”/PARENTHESISCATEGORY<br><b>计划/Na</b> ,/COMMACATEGORY<br>从/P 党/Na 的/DE 建设/Na 到/P<br>修改/VC 宪法/Na ……/ETCCATEGORY<br>中国/Nc","ML"
"计划/Na/CNA_CMN_20010105_wpr/552",0.0637844198720827,0.0269203247067855,"计划","CNA","2001","的/DE 基本/Na 关系/Na ,/COMMACATEGORY<br>准备/VF 推动/VC 地区/Nc 反/VC<br>飞弹/Na 系统/Na <b>计划/Na</b><br>,/COMMACATEGORY 中共/Nb<br>对/P 此/Nep 颇为/Dfa 紧张/VH<br>。/PERIODCATEGORY 费/VJ<br>加罗报/Nb 说/VE","TW"
"计划/Na/XIN_CMN_20030918_wpr/79223",0.0463610875138945,-0.0204268065118874,"计划","XIN","2003","了/Di 维持/Nv 稳定/Nv 、/PAUSECATEGORY<br>推动/Nv 改革/Nv 和/Caa 发展/Na<br>经济/Na 的/DE <b>计划/Na</b><br>。/PERIODCATEGORY 这/Nep<br>份/Nf 经济/Na 白皮书/Na 实际/VH<br>上/Ng 是/SHI 印尼/Na 在/P","ML"
"计划/Na/ZBN_CMN_20001210_wpr/3845",0.0641808655743488,0.00544408564479035,"计划","ZBN","2000","前天/Nd 报道/Na ，/COMMACATEGORY<br>美国/Nc 官方/Na 相信/VK 制止/VC<br>朝鲜/Nc 发展/Na 导弹/Na <b>计划/Na</b><br>的/DE 协议/Na 已/D 取得/VC<br>足够/VH 的/DE 进展/Nv ，/COMMACATEGORY<br>这/Nep 使/VL","SG"
"计划/Na/XIN_CMN_20030527_wpr/51886",0.0354335678675285,0.0167471974527715,"计划","XIN","2003","落实/VHC 去年/Nd 八/Neu 国首脑/Na<br>会议/Na 通过/VC 的/DE 《/PARENTHESISCATEGORY<br>非洲/Nc 行动/Na <b>计划/Na</b><br>》/PARENTHESISCATEGORY<br>而/Cbb 采取/VC 具体/VH 行动/Na<br>。/PERIODCATEGORY 钱皮/Nb<br>是/SHI 当天/Nd 在/P","ML"
"计划/Na/XIN_CMN_20030514_wpr/9957",0.0745396248256524,-0.0571921391674872,"计划","XIN","2003","防/VC “/PARENTHESISCATEGORY<br>非典/Na ”/PARENTHESISCATEGORY<br>工作/Na 。/PERIODCATEGORY<br>(/PARENTHESISCATEGORY<br>港澳台/Nc )/PARENTHESISCATEGORY<br>澳门/Nc <b>计划/Na</b> 为/VG<br>抗/VJ “/PARENTHESISCATEGORY<br>非典/Na ”/PARENTHESISCATEGORY<br>一/Neu 线/Nf 医护/A 人员/Na<br>购买/VC","ML"
"计划/Na/XIN_CMN_20030515_wpr/26156",-0.0700568792720683,0.0132269067538715,"计划","XIN","2003","石油/Na 公司/Nc 于/P 今年/Nd<br>4月/Nd 对/P 媒体/Na 宣布/VE<br>了/Di 合并/Nv <b>计划/Na</b><br>,/COMMACATEGORY 但/Cbb<br>从/P 双方/Nh 签署/VC 的/DE<br>协议/Na 看/VC ,/COMMACATEGORY<br>尤科斯/Nb","ML"
"计划/Na/ZBN_CMN_20030712_wpr/31058",-0.108334704120411,0.0242277674850363,"计划","ZBN","2003","贝克特尔/Nb （/PARENTHESISCATEGORY<br>Bechtel/FW ）/PARENTHESISCATEGORY<br>集团/Na 的/DE 联营/Nv 公司/Nc<br>，/COMMACATEGORY 它/Nh<br><b>计划/Na</b> 在/P 2006年/Nd<br>之前/Nd ，/COMMACATEGORY<br>斥资/VC 3亿/Neu 美元/Nf 在/P<br>新加/Nc 坡/Na","SG"
"方案/Na/ZBN_CMN_20030414_wpr/67073",-0.100177764960739,-0.164874517260854,"方案","ZBN","2003","访/VC 时/Ng 说/VE ，/COMMACATEGORY<br>中国/Nc 官方/Na 发出/VC 的/DE<br>这/Nep 个/Nf <b>方案/Na</b><br>注明/VE 了/Di 是/SHI 个/Nf<br>试行/VA 的/DE 药方/Na ，/COMMACATEGORY<br>因此/Cbb 不一定/D","SG"
"计划/Na/XIN_CMN_20030804_wpr/59631",0.0394828086867931,-0.000217762731602198,"计划","XIN","2003",",/COMMACATEGORY 隔离墙/Na<br>的/Na 修建/VC 使/VL 推动/VC<br>落实/Nv “/PARENTHESISCATEGORY<br>路线图/Na ”/PARENTHESISCATEGORY<br><b>计划/Na</b> 变得/VJ 更/Dfa<br>困难/Na 。/PERIODCATEGORY<br>这/Nep 给/VD 美国/Na 带来/VC<br>“/PARENTHESISCATEGORY<br>难题/Na","ML"
"计划/Na/XIN_CMN_20001228_wpr/54853",0.0341995856226954,-0.0206344438744599,"计划","XIN","2000","科研/Na 项目/Na －－/Neu “/PARENTHESISCATEGORY<br>2000年/Nd 的/DE 中国/Na ”/PARENTHESISCATEGORY<br>丛书/Na 编纂/VC <b>计划/Na</b><br>投入/VC 实施/Nv 。/PERIODCATEGORY<br>数百/Neu 名/Nf 专家/Na 运用/Nv<br>数学/Na 模型/Na 对/P","ML"
"计划/Na/ZBN_CMN_20030612_wpr/69065",0.0172331364674007,-0.0545955728946377,"计划","ZBN","2003","问题/Na 对/P 工人/Na 的/DE<br>冲击/Nv 是/SHI 整/VC 个/Nf<br>技能/Na 提升/Nv <b>计划/Na</b><br>的/DE 目标/Na 。/PERIODCATEGORY<br>所/D 以/P ，/COMMACATEGORY<br>尽管/Cbb 这/Nep 个/Nf 问题/Na","SG"
"计划/Na/XIN_CMN_20030624_wpr/56398",0.0574348494905036,-0.131036281251671,"计划","XIN","2003","科研/Na 人员/Na 的/DE 合作/VH<br>。/PERIODCATEGORY 两国/Nc<br>农业/Na 和/Caa 科研/Na 交流/VH<br><b>计划/Na</b> 已/D 有/V_2<br>20多/Neu 年/Nf 历史/Na ,/COMMACATEGORY<br>是/SHI 两国/Nc 合作/VH 的/DE","ML"
"方案/Na/CNA_CMN_20001216_wpr/110881",0.0150796001539965,-0.00506580217907499,"方案","CNA","2000","湾/Nc 技术/Na 研究/VC 中心/Nc<br>纳入/VJ 通盘/D 检讨/VC 、/PAUSECATEGORY<br>分析/Nv 实施/Nv <b>方案/Na</b><br>,/COMMACATEGORY 另/Nes<br>同意/Nv 铁路局/Nc 深澳/Nc 支线/Na<br>恢复/Nv 客运/Na ,/COMMACATEGORY<br>由/P","TW"
"计划/Na/XIN_CMN_20010101_wpr/92296",0.0744505565519879,-0.0432239176730937,"计划","XIN","2001","今年/Nd 是/SHI 新/VH 世纪/Na<br>也/D 是/SHI 我国/Nc “/PARENTHESISCATEGORY<br>十五/Neu ”/PARENTHESISCATEGORY<br><b>计划/Na</b> 的/DE 第一/Neu<br>年/Nf ,/COMMACATEGORY<br>开/VC 局/Nc 非常/Dfa 重要/VH<br>。/PERIODCATEGORY 广东/Nc","ML"
"计划/Na/XIN_CMN_20030829_wpr/20875",0.0523476457513264,0.0116101193355834,"计划","XIN","2003","会谈/VA )/PARENTHESISCATEGORY<br>快讯/Na :/COLONCATEGORY<br>王毅/Nb :/COLONCATEGORY<br>朝鲜/Nc 愿/VK 放弃/VC 核/Na<br><b>计划/Na</b> 与/Caa 美国/Na<br>和平/VH 共存/VH “/PARENTHESISCATEGORY<br>亲密/VH 接触/VC ”/PARENTHESISCATEGORY<br>之后/Ng ,/COMMACATEGORY","ML"
"方案/Na/XIN_CMN_20030619_wpr/15501",0.0622301535219999,0.0813977758331823,"方案","XIN","2003","海协/Nb 、/PAUSECATEGORY<br>台湾/Na 海基会/Nc 也/D 交换/VC<br>过/Di 具体/VH 捐赠/Nv 的/DE<br><b>方案/Na</b> 。/PERIODCATEGORY<br>只是/Cbb 后/Nes 来由/Na 于/P<br>台湾/Nc 当局/Na 的/DE 阻挠/Nv<br>,/COMMACATEGORY","ML"
"计划/Na/ZBN_CMN_20010111_wpr/39273",-0.452220693218977,-0.174719615401372,"计划","ZBN","2001","比较/Dfa 短/VH ，/COMMACATEGORY<br>不/D 够/Dfa 完善/VH ；/SEMICOLONCATEGORY<br>内地/Nc 主板市场/Nc 受到/VJ <b>计划/Na</b><br>经济/Na 的/DE 影响/Nv 比较/Dfa<br>大/VH ，/COMMACATEGORY<br>行政/Na 干预/VC 色彩/Na 比较/Dfa","SG"
"计划/Na/ZBN_CMN_20030830_wpr/76725",0.00138135277829276,-0.00662135926414525,"计划","ZBN","2003","贷款/Na 保险/Na 计划/Na ”/PARENTHESISCATEGORY<br>./FW 延长/VC “/PARENTHESISCATEGORY<br>本地/Na 企业/Na 融资/Na <b>计划/Na</b><br>”/PARENTHESISCATEGORY<br>./FW 设立/VC “/PARENTHESISCATEGORY<br>旅游业/Na 复苏/VH 基金/Na ”/PARENTHESISCATEGORY<br>./FW 为/P","SG"
"计划/Na/XIN_CMN_20001230_wpr/36125",-0.0296958984275707,-0.00716073574662403,"计划","XIN","2000","温州/Nc 珊/b 溪水/Na 利/Na<br>枢纽/Na 工程/Na 超额/VH 完成/VC<br>年度/Na 发电/VA <b>计划/Na</b><br>(/PARENTHESISCATEGORY<br>谭进/Nb )/PARENTHESISCATEGORY<br>福州/Nc 建成/VC 农民/Na 花卉/Na<br>市场/Nc (/PARENTHESISCATEGORY<br>张国/Nb","ML"
"计划/Na/XIN_CMN_20030731_wpr/70219",-0.0660903613694101,0.0688911995300214,"计划","XIN","2003",",/COMMACATEGORY 目前/Nd<br>那里/D 仍/D 有/V_2 5200/Neu<br>名/Nf 难民/Na 。/PERIODCATEGORY<br>难民署/Nc <b>计划/Na</b> 于/P<br>年底/Nd 前/Ng 帮助/Na 其中/Nep<br>的/DE 3600/Neu 人/Na 重返/VCL<br>家园/Na","ML"
"计划/Na/XIN_CMN_20030923_wpr/85739",-0.113225527990313,-0.152239267676788,"计划","XIN","2003",",/COMMACATEGORY 目前/Nd<br>已/D 耗资/VJ 60万/Neu 欧元/Nb<br>的/T 这/Nep 一/Neu 宏伟/VH<br><b>计划/Na</b> 似乎/D 离/P<br>现实/Na 还/D 有点/Dfa 远/VH<br>。/PERIODCATEGORY 尽管/Cbb<br>科学家/Na 们/Na","ML"
"计划/Na/XIN_CMN_20030625_wpr/28361",0.111160112969081,0.0884726372036395,"计划","XIN","2003","被/P 紧急/VH 增列/VC 到/P 今年/Nd<br>全国/Nc 人大/Nc 常委会/Nc 的/DE<br>立法/Nv <b>计划/Na</b> 中/Ng<br>。/PERIODCATEGORY (/PARENTHESISCATEGORY<br>体育/Na )/PARENTHESISCATEGORY<br>中国/Nc 台北/Nc 男篮/Na 陈信安/Nb<br>将/D","ML"
"计划/Na/XIN_CMN_20001216_wpr/13925",0.0194875208496214,-0.00862723590579049,"计划","XIN","2000","年/Nf 计划/Na 制定/VC 的/DE<br>方式/Na 不同/Na ,/COMMACATEGORY<br>“/PARENTHESISCATEGORY<br>十五/Neu ”/PARENTHESISCATEGORY<br><b>计划/Na</b> 的/DE 编制/VC<br>,/COMMACATEGORY 国家/Na<br>计委/Na 采取/VC 了/Di “/PARENTHESISCATEGORY<br>开门/VA ”/PARENTHESISCATEGORY","ML"
"计划/Na/XIN_CMN_20030928_wpr/38871",0.0346980177729164,0.0214110181125789,"计划","XIN","2003","开赴/VCL 伊拉克/Nc ,/COMMACATEGORY<br>参加/VC 伊/Nc 战后/Nd 重建/VC<br>工作/Na 。/PERIODCATEGORY<br>根据/VJ <b>计划/Na</b> ,/COMMACATEGORY<br>这/Nep 批/Nf 泰国/Nc 军人/Na<br>将/D 部署/VC 在/P 伊拉克/Nc<br>南部/Ncd","ML"
"计划/Na/CNA_CMN_20001213_wpr/82813",-0.186993540521848,0.380957211397373,"计划","CNA","2000",")/PARENTHESISCATEGORY<br>。/PERIODCATEGORY 曼谷邮报/Nb<br>:/COLONCATEGORY 泰/Nc<br>财政部/Nc 打断/VC 泰航/Nb 购/VC<br>机/Na <b>计划/Na</b> (/PARENTHESISCATEGORY<br>曼谷/Nc )/PARENTHESISCATEGORY<br>。/PERIODCATEGORY 民族/Na<br>日报/Na :/COLONCATEGORY<br>泰/Nc 法庭/Nc 使/VL","TW"
"计划/Na/ZBN_CMN_20030705_wpr/59915",0.00445145771093434,-0.128307824997926,"计划","ZBN","2003","孤立/VHC 的/DE 个案/Na ，/COMMACATEGORY<br>大/VJH 家/Nc 不会/D 就此/D<br>对/P 翻新/VC <b>计划/Na</b><br>失去/VJ 信心/Na 。/PERIODCATEGORY<br>他/Nh 说/VE ：/COLONCATEGORY<br>“/PARENTHESISCATEGORY<br>我们/Nh 不能/D 因为/Cbb","SG"
"计划/Na/ZBN_CMN_20001203_wpr/7161",0.153594776307858,0.0526081329952994,"计划","ZBN","2000","正/D 展开/VC 50/Neu 天/Nf<br>的/DE 绝食/Nv 示威/Nv ，/COMMACATEGORY<br>抗议/Nv 当局/Na <b>计划/Na</b><br>将/P 他们/Nh 从/P 宿舍式/Na<br>牢房/Nc 转移到/VC 新型/Na 牢房/Nc<br>。/PERIODCATEGORY 土耳其/Nc","SG"
"计划/Na/ZBN_CMN_20030619_wpr/806",0.017847386816033,-0.105766029754433,"计划","ZBN","2003","学生/Na 以/P 认股/VA 经营/VC<br>学院/Nc 餐饮/Na 事业/Na 的/DE<br>新/VH 颖/b <b>计划/Na</b><br>，/COMMACATEGORY 以/P 培养/VC<br>学生/Na 们/Na 的/DE 创业/Nv<br>精神/Na ，/COMMACATEGORY<br>这/Nep","SG"
"计划/Na/ZBN_CMN_20030808_wpr/73172",-0.0085994836993276,-0.0175665811662709,"计划","ZBN","2003","。/PERIODCATEGORY 更多/Neqa<br>文化/Na 奖学金/Na 的/DE 设立/Nv<br>、/PAUSECATEGORY 艺/Na<br>术/Na 捐助/Nv <b>计划/Na</b><br>、/PAUSECATEGORY 鼓励/Nv<br>公/Na 私营/VC 机构/Na 资助/VC<br>艺术/Na 的/DE 发展/Na 等/Cab","SG"
"计划/Na/ZBN_CMN_20030509_wpr/72477",0.0076339958496915,-0.139762586840515,"计划","ZBN","2003","是/SHI 因为/Cbb 她/Nh 相当/VH<br>喜欢/Nv 新大/Nc 的/DE 课程/Na<br>和/Caa 交流/VH <b>计划/Na</b><br>，/COMMACATEGORY 而且/Caa<br>教师/Na 与/Caa 学生/Na 之间/Ng<br>也/D 有/V_2 很/Dfa 好/VH","SG"
"计划/Na/ZBN_CMN_20001113_wpr/40036",-0.0518522221112103,0.0620558870234976,"计划","ZBN","2000","集团/Na －/Neu 台聚/Nc 华塑/Nb<br>集团/Na 到/VCL 中国/Nc 大陆/Nc<br>投资/Na 的/DE <b>计划/Na</b><br>渐/D 趋/VL 明/VH 朗/VC 。/PERIODCATEGORY<br>除/P 旗下/Nc 的/DE 华夏/Nc<br>塑胶/Na","SG"
"方案/Na/CNA_CMN_20001027_wpr/115150",0.0901883773793263,0.0282494654746316,"方案","CNA","2000","合作/VH ,/COMMACATEGORY<br>并/Cbb 在/P 实验室/Nc 中/Ncd<br>实验/Na Linux/FW 的/DE 解决/Nv<br><b>方案/Na</b> ,/COMMACATEGORY<br>但/Cbb 仍/D 维持/VJ 与/Caa<br>微软/Nb 很/Dfa 好/VH 的/DE<br>关系/Na","TW"
"计划/Na/CNA_CMN_20010115_wpr/155784",0.064126149764688,-0.0113219127782988,"计划","CNA","2001","共军/Na 从/P 二/Neu 00/Neu<br>一/Neu 至/Caa 二00五年/Na<br>的/DE 「/PARENTHESISCATEGORY<br>十五/Neu <b>计划/Na</b> 」/PARENTHESISCATEGORY<br>期间/Na ,/COMMACATEGORY<br>将/D 加速/D 推进/VA 武器/Na<br>装备/Na 现代化/Nv 建设/Na","TW"
"计划/Na/XIN_CMN_20030519_wpr/8138",-0.0178446341887026,0.0255345300195754,"计划","XIN","2003","来得/Dfa 少/VH 了/T ,/COMMACATEGORY<br>原先/D 排/VC 好/VH 的/DE 海内外/Nc<br>参展/Nv <b>计划/Na</b> 和/Caa<br>促销/VC 活动/Na 陆续/D 取消/VC<br>,/COMMACATEGORY 企业/Na<br>不得不/D 临时/D 投入/VC","ML"
"计划/Na/XIN_CMN_20030702_wpr/23487",0.0529349252062901,-0.030727903323015,"计划","XIN","2003","进展/Nv 缓慢/VH 。/PERIODCATEGORY<br>‘/PARENTHESISCATEGORY<br>两/Neu 控区/Nc ’/PARENTHESISCATEGORY<br>‘/PARENTHESISCATEGORY<br>十五/Neu ’/PARENTHESISCATEGORY<br><b>计划/Na</b> 中/Ng 的/DE<br>279/Neu 个/Nf 重点/Na 二氧化硫/Na<br>治理/VC 项目/Na ,/COMMACATEGORY<br>有/V_2","ML"
"方案/Na/CNA_CMN_20001009_wpr/90162",-0.0111199385390257,-0.0500566321278676,"方案","CNA","2000","请/VF 大家/Nh 放心/VK 。/PERIODCATEGORY<br>范巽绿/Nb 说/VE ,/COMMACATEGORY<br>高中/VJ 多元/Na 入学/Nv <b>方案/Na</b><br>的/DE 设计/Na 是/SHI 为了/P<br>落实社/Nc 区/Nc 化/VG 高中职/Nc<br>,/COMMACATEGORY 打破/Nv","TW"
"方案/Na/CNA_CMN_20030619_wpr/8662",-0.0191026418074845,-0.0157137105222492,"方案","CNA","2003","与/Caa 二/Neu 位/Nf 大人/Na<br>同行/Na 费用/Na 全/Nb 免/VJ<br>的/DE 优惠/Nv <b>方案/Na</b><br>，/COMMACATEGORY 供/VF<br>消费者/Na 选择/Na 。/PERIODCATEGORY<br>泰国/Nc 航空/Na 自/P 即日/Nd<br>起/Ng","TW"
"计划/Na/XIN_CMN_20001103_wpr/60263",0.0412826606996386,0.0132909406389317,"计划","XIN","2000","葡萄牙/Nc 政府/Na 2日/Nd 通过/VC<br>一/Neu 项/Nf 《/PARENTHESISCATEGORY<br>反/VC 酒精/Na 行动/Na <b>计划/Na</b><br>》/PARENTHESISCATEGORY<br>,/COMMACATEGORY 旨/Na<br>在/P 降低/Nv 和/Caa 消除/VC<br>酒类/Na 饮料/Na 给/VD","ML"
"计划/Na/XIN_CMN_20030714_wpr/70991",-0.0995261874361754,-0.00301304598191239,"计划","XIN","2003","有关/P 雅虎/Nb 和/Caa 博伊/Nb<br>斯/Nep -/DASHCATEGORY<br>喀斯喀德/Nb 公司/Nc 的/DE 收购/VC<br><b>计划/Na</b> ,/COMMACATEGORY<br>以/P 及/Caa 英特尔/Nb 公司/Nc<br>股票/Na 评级/Na 上/Ncd 调/VC<br>的/DE","ML"
"计划/Na/ZBN_CMN_20030805_wpr/40518",-0.0442683457767487,0.173568090851745,"计划","ZBN","2003","对/P 他/Nh 提/VE 出/VC 指控/Na<br>，/COMMACATEGORY 他/Nh<br>竞选/VC 总统/Na 的/DE <b>计划/Na</b><br>不变/VH 。/PERIODCATEGORY<br>霍纳山/Nb 1989年/Nd 领导/Na<br>企图/Na 推翻/VC 科拉桑/Nb 的/DE<br>多/VH","SG"
"方案/Na/XIN_CMN_20001021_wpr/53950",0.0210318821812986,-0.0941866521404542,"方案","XIN","2000","机车/VH 计划/Na 周转图/Na 、/PAUSECATEGORY<br>实际/Nv 运行图/Na 、/PAUSECATEGORY<br>管内/Nc 列车/Na 交替/VH <b>方案/Na</b><br>等/Cab 技术/Na 准备/VC 也/D<br>已经/D 全面/Na 结束/Nv 。/PERIODCATEGORY<br>长/VH 铁/Na","ML"
"计划/Na/ZBN_CMN_20030428_wpr/39945",-0.0087672746227472,0.0165524601750105,"计划","ZBN","2003","为/VG 购物/Nv 中心/Nc 。/PERIODCATEGORY<br>他/Nh 也/D 说/VE ，/COMMACATEGORY<br>这/Nep 项/Nf <b>计划/Na</b><br>将/D 有助于/VK 促进/VK 刁曼岛/Nc<br>的/DE 旅游业/Na 。/PERIODCATEGORY<br>他/Nh 说/VE ，/COMMACATEGORY","SG"
"计划/Na/ZBN_CMN_20030605_wpr/69914",-0.181846649674859,-0.0797416077159208,"计划","ZBN","2003","月/Na 内/Ncd ，/COMMACATEGORY<br>能/D 吸引/VJ 4000/Neu 名/Nf<br>会员/Na 加入/VC 储蓄/Na <b>计划/Na</b><br>。/PERIODCATEGORY 本地/Nb<br>有/V_2 4万多/Neu 名/Nf 德士/Nb<br>司机/Na ，/COMMACATEGORY<br>其中/Nep 8000/Neu","SG"
"方案/Na/CNA_CMN_20001123_wpr/108610",0.0269903641529446,0.00867130130915956,"方案","CNA","2000","作/VC 上述/Na 表示/VE 。/PERIODCATEGORY<br>张俊雄/Nb 说/VE ,/COMMACATEGORY<br>有关/Nv 经济/Na 发展/Na <b>方案/Na</b><br>,/COMMACATEGORY 国民党/Nb<br>所/D 提/VE 改革/VC 方/Na 案/Na<br>,/COMMACATEGORY 大多数/Neqa<br>已经/D","TW"
"计划/Na/XIN_CMN_20010102_wpr/2736",0.0372183665730774,-0.0771478978462358,"计划","XIN","2001","六/Neu 期/Nf ”/PARENTHESISCATEGORY<br>生殖/VA 健康/VH 教育/VC 。/PERIODCATEGORY<br>同时/Nd ,/COMMACATEGORY<br>加强/Nv <b>计划/Na</b> 生育/Nv<br>生殖/Nv 保健/Na 指导/VC 和/Caa<br>服务/Na 网络/Na 建设/Na ,/COMMACATEGORY<br>发挥/VJ","ML"
"方案/Na/CNA_CMN_20010131_wpr/119600",0.0473092755768099,0.0781069975512689,"方案","CNA","2001","意见/Na ,/COMMACATEGORY<br>找/VC 出/VCL 各/Nes 方/Nf<br>皆/D 可/D 接受/VC 的/DE <b>方案/Na</b><br>。/PERIODCATEGORY 台北县/Nc<br>长/VC 苏贞昌/Nb 则/D 认为/VE<br>,/COMMACATEGORY 由/P 陈/Nb<br>总统/Na","TW"
"计划/Na/XIN_CMN_20030717_wpr/2462",-0.184593233474737,-0.0587460185990654,"计划","XIN","2003","全/Nes 年/Nf 吸引/VJ 180万/Neu<br>人次/Na 国际/Nc 游客/Na ,/COMMACATEGORY<br>比/P 年初/Nd <b>计划/Na</b><br>约/Da 少/VJ 100万/Neu 人次/Na<br>。/PERIODCATEGORY (/PARENTHESISCATEGORY<br>国际/Nc )/PARENTHESISCATEGORY<br>美/Nc 中情局/Nc","ML"
"方案/Na/XIN_CMN_20030830_wpr/35676",-0.00789341505279441,-0.0925751273102041,"方案","XIN","2003","。/PERIODCATEGORY 参赛/Nv<br>单位/Na 将/D 于/P 今年/Nd 11月/Nd<br>5日/Nd 递交/VD 设计/Na <b>方案/Na</b><br>。/PERIODCATEGORY 此后/D<br>,/COMMACATEGORY 评审/VC<br>委员会/Nc 将/D 从中/D 选出/VC<br>3/Neu 个/Nf","ML"
"方案/Na/CNA_CMN_20001009_wpr/95551",0.0054043883972924,0.0837952096090096,"方案","CNA","2000","窘境/Na 。/PERIODCATEGORY<br>由于/Cbb 大潭/Nc 电厂/Nc 为/P<br>核四/Nc 停建/VC 的/DE 替代/Nv<br><b>方案/Na</b> ,/COMMACATEGORY<br>第一/Neu 部/Nf 机组/Na 预计/VE<br>九十二/Neu 年/Nf 开始/VH 商转/Na<br>,/COMMACATEGORY","TW"
"方案/Na/CNA_CMN_20001027_wpr/161278",0.0703007452543374,-0.0311609347926619,"方案","CNA","2000","TRADE/FW 医贸网/Na 不断/VH<br>将/P 国外/Nc 最/Dfa 新/VH<br>电子商务/Na 的/DE 解决/Nv <b>方案/Na</b><br>引人/Na 台湾/Na ,/COMMACATEGORY<br>使得/VL 目前/Nd HEALTH/FW<br>TRADE/FW 医贸网/Na 的/DE<br>技术/Na","TW"
"计划/Na/XIN_CMN_20030428_wpr/43266",-0.0627118917310116,-0.0756471782358779,"计划","XIN","2003","装置/Na 等/Cab 。/PERIODCATEGORY<br>总投资/Na 3.72/Neu 亿/Neu<br>元/Nf ,/COMMACATEGORY<br>其中/Nep 今年/Nd <b>计划/Na</b><br>投入/VC 2.1/Neu 亿/Neu 元/Nf<br>。/PERIODCATEGORY 于/P<br>2001年/Nd 开始/VH 建设/Na<br>的/DE","ML"
"计划/Na/ZBN_CMN_20030716_wpr/55196",-0.0270139377556908,0.0530013473227601,"计划","ZBN","2003","头痛/VH 》/PARENTHESISCATEGORY<br>：/COLONCATEGORY 建屋局/Nc<br>有/V_2 一/Neu 个/Nf 装修/Nv<br>承包商/Na 执照/Na <b>计划/Na</b><br>，/COMMACATEGORY 目的/Na<br>是/SHI 管制/VC 装修商/Na ，/COMMACATEGORY<br>确保/Nv 他们/Nh 进行/VC 装修/Nv","SG"
"计划/Na/XIN_CMN_20030701_wpr/4687",0.0335455270216566,0.0373423642628628,"计划","XIN","2003","。/PERIODCATEGORY (/PARENTHESISCATEGORY<br>国际/Nc )/PARENTHESISCATEGORY<br>英/Nc 政府/Na 提出/VC 同性恋/Na<br>婚姻/Na 合法化/VHC <b>计划/Na</b><br>新华社/Nc 伦敦/Nc 6月/Nd 30日/Nd<br>电/Na 英国/Nc 政府/Nc 30日/Nd<br>提出/VC 一/Neu","ML"
"计划/Na/ZBN_CMN_20030711_wpr/20610",-0.0279973629808663,-0.0244930253275001,"计划","ZBN","2003","上/Ncd 宣布/VE 住宅/Na 办公/VA<br>新/VH 措施/Na ，/COMMACATEGORY<br>在/VCP 这/Nep 个/Nf <b>计划/Na</b><br>下/Ng ，/COMMACATEGORY<br>估计/VE 将/D 有/V_2 100万/Neu<br>个/Nf 组屋/Na 和/Caa 私人/Nh","SG"
"计划/Na/XIN_CMN_20030801_wpr/72692",-0.252445046288515,0.353199540275021,"计划","XIN","2003","。/PERIODCATEGORY 他/Nh<br>说/VE ,/COMMACATEGORY<br>新航/Nc 及其/Caa 子公司/Nc 胜安/Nb<br>航空/Na 公司/Nc <b>计划/Na</b><br>在/P 今年/Nd 12月/Nd 分别/D<br>开通/VH 飞/VA 往/P 中国/Nc<br>南方/Ncd 城市/Na","ML"
"计划/Na/XIN_CMN_20030930_wpr/59809",0.0448341053264804,0.0280454932423507,"计划","XIN","2003","他/Nh 希望/Na 伊朗/Nc 充分/VH<br>合作/VH ,/COMMACATEGORY<br>公布/VE 其/Nep 全部/Neqa 核/Na<br><b>计划/Na</b> ,/COMMACATEGORY<br>特别/VH 是/SHI 浓/VH 缩/VA<br>铀/Na 计划/Na 。/PERIODCATEGORY<br>他/Nh 说/VE","ML"
"计划/Na/ZBN_CMN_20030514_wpr/15437",-0.0148913241964388,0.00715709481507773,"计划","ZBN","2003","人/Na 闪电/Na 般/Ng 开始/VH<br>了/Di 同居/Nv 生活/Na 。/PERIODCATEGORY<br>按照/VJ 原/A <b>计划/Na</b><br>，/COMMACATEGORY 两/Neu<br>人/Na 打算/VF 在/P 去年/Nd<br>韩日/Nb 世界杯/Nb 结束/Nv 后/Ng","SG"
"方案/Na/CNA_CMN_20001002_wpr/112417",-0.0051129537010309,0.0275602750364594,"方案","CNA","2000","。/PERIODCATEGORY 891002/Neu<br>唐飞/Nb 指/VE 尚未/D 核定/VE<br>经建会/Nc 一百零二/Neu 项/Nf<br>建设/Na <b>方案/Na</b> (/PARENTHESISCATEGORY<br>中央社/Nc 记者/Na 万淑彰/Nb 台北/Nc<br>二/Neu 日/Nf 电/Na )/PARENTHESISCATEGORY<br>行政院长/Na","TW"
"计划/Na/ZBN_CMN_20030706_wpr/74666",0.251067744243888,0.0839549486529568,"计划","ZBN","2003","条/Nf 供应/Nv 血液/Na 到/P<br>大脑/Na 的/DE 动脉/Na ，/COMMACATEGORY<br>医生/Na 先前/Nd <b>计划/Na</b><br>在/P 切断/VC 这/Nep 条/Nf<br>动脉/Na 时/Ng ，/COMMACATEGORY<br>让/VL 血流/Na 改道/VA","SG"
"计划/Na/CNA_CMN_20001121_wpr/133155",-0.586725140339415,-0.0409063595936417,"计划","CNA","2000","长/VH 萨莫拉/Nb 说/VE ,/COMMACATEGORY<br>所谓/VK 的/DE 「/PARENTHESISCATEGORY<br>上帝救/VC 国王/Na 」/PARENTHESISCATEGORY<br><b>计划/Na</b> ,/COMMACATEGORY<br>可能/D 是/SHI 据报/VA 存在/VA<br>于/P 某/Nes 些/Nf 人/Na 的/DE","TW"
"计划/Na/XIN_CMN_20001122_wpr/86397",0.024256371404665,-0.00616964624971927,"计划","XIN","2000","待遇/Na 、/PAUSECATEGORY<br>企业/Na 创收/VC 等/Cab 方面/Na<br>一/Neu 系列/Na 振兴/Nv 交通/Na<br><b>计划/Na</b> 。/PERIODCATEGORY<br>为/VG 确保/Nv 总/A 目标/Na<br>顺利/VH 完成/VC ,/COMMACATEGORY<br>西藏/Nc 交通厅/Nc","ML"
"计划/Na/ZBN_CMN_20030909_wpr/15678",0.0128049274577909,-0.0135539178386327,"计划","ZBN","2003","协会/Nc 推行/VC 的/DE “/PARENTHESISCATEGORY<br>康乐/Na 公厕/Nc ”/PARENTHESISCATEGORY<br>（/PARENTHESISCATEGORY<br>HappyToilet/FW ）/PARENTHESISCATEGORY<br><b>计划/Na</b> ，/COMMACATEGORY<br>参与/Nv 计划/Na 的/DE 公厕/Nc<br>，/COMMACATEGORY 将/D 被/P<br>评为/VE 各/Nes","SG"
"计划/Na/XIN_CMN_20010126_wpr/15174",0.0438705638854125,-0.0248352070660808,"计划","XIN","2001",":/COLONCATEGORY “/PARENTHESISCATEGORY<br>公司/Nc 把/P 职工/Na 收入/VC<br>列入/VJ ‘/PARENTHESISCATEGORY<br>十五/Neu ’/PARENTHESISCATEGORY<br><b>计划/Na</b> ,/COMMACATEGORY<br>我们/Nh 的/DE 积极性/Na 很/Dfa<br>高/VH 。/PERIODCATEGORY<br>”/PARENTHESISCATEGORY<br>(/PARENTHESISCATEGORY<br>百姓/Na","ML"
"方案/Na/CNA_CMN_20001019_wpr/38190",0.097590966072459,0.206870876894938,"方案","CNA","2000","由/P 副/A 国防部长/Na 史奈/Nb<br>首度/D 在/P 十八/Neu 日/Nf<br>草拟/VC 的/DE <b>方案/Na</b><br>仍/D 含煳/VH 不明/VH ,/COMMACATEGORY<br>部份/Neqa 立场/Na 相互/VH 矛盾/Na<br>,/COMMACATEGORY 且/Cbb","TW"
"计划/Na/XIN_CMN_20030611_wpr/54541",-0.00186611358089454,-0.000962765037860913,"计划","XIN","2003","项/Nf 合作/VH 计划/Na 上/Ncd<br>签/VC 了/Di 字/Na 。/PERIODCATEGORY<br>这/Nep 项/Nf <b>计划/Na</b><br>的/DE 总预算/Na 达到/VJ 1431万/Neu<br>欧元/Nb ,/COMMACATEGORY<br>其中/Nep 葡萄牙/Nc 方面/Na 提供/VC","ML"
"计划/Na/ZBN_CMN_20030628_wpr/31105",-0.0882724186919853,-0.0343126169961892,"计划","ZBN","2003","50/Neu 家/Nf 杰出/VH 企业/Na<br>第一/Neu 名/Nf 。/PERIODCATEGORY<br>其/Nep 售/VD 股/Nf <b>计划/Na</b><br>由/P 发展/Na 银行/Nc 主理/Na<br>和/Caa 包销/VC 。/PERIODCATEGORY<br>恩泽/Na 净/D 亏/VC","SG"
"计划/Na/XIN_CMN_20030806_wpr/52646",0.041034317559361,0.00751393942822115,"计划","XIN","2003","国际/Nc )/PARENTHESISCATEGORY<br>约旦/Nc 将/D 为/P 推动/VC 执行/VH<br>“/PARENTHESISCATEGORY<br>路线图/Na ”/PARENTHESISCATEGORY<br><b>计划/Na</b> 而/Cbb 努力/VH<br>(/PARENTHESISCATEGORY<br>国际/Nc )/PARENTHESISCATEGORY<br>法国/Na 政府/Na 力图/VF 拯救/VC<br>阿尔/Nb","ML"
"计划/Na/XIN_CMN_20001226_wpr/58341",0.00882791839782036,-0.0200470841234728,"计划","XIN","2000","被/P 誉为/VG 生命/Na 科学/Na<br>“/PARENTHESISCATEGORY<br>登月/Na 计划/Na ”/PARENTHESISCATEGORY<br>的/DE 人类基因组/Na <b>计划/Na</b><br>提前/VB 完成/VC 人类基因组/Na<br>工作/Na 草图/Na 的/DE 绘制/Nv<br>工作/Na ,/COMMACATEGORY<br>与/Caa","ML"
"计划/Na/XIN_CMN_20030723_wpr/46646",0.0602257010730149,0.0146062310076418,"计划","XIN","2003",",/COMMACATEGORY 同时/Nd<br>支持/Nv 各/Nes 方/Ncd 为/VG<br>执行/VH “/PARENTHESISCATEGORY<br>路线图/Na ”/PARENTHESISCATEGORY<br><b>计划/Na</b> 所/D 采取/VC<br>的/DE 一切/Neqa 措施/Na 。/PERIODCATEGORY<br>他/Nh 希望/Na 阿巴斯/Nb 与/Caa","ML"
"计划/Na/XIN_CMN_20030913_wpr/43543",0.0601625542433933,0.0316313726939961,"计划","XIN","2003",",/COMMACATEGORY 要求/VF<br>伊朗/Nc 在/P 10月/Nd 31日/Nd<br>前/Ng 公布/VE 其/Nep 核/Na<br><b>计划/Na</b> ,/COMMACATEGORY<br>以/P 证明/Na 自己/VH 没有/D<br>秘密/VH 发展/Na 核武器/Na 。/PERIODCATEGORY<br>决议/Na","ML"
"计划/Na/ZBN_CMN_20030902_wpr/69209",-0.00637111895540868,0.00490597760875365,"计划","ZBN","2003","个/Nf 百分点/Na 。/PERIODCATEGORY<br>正/D 制定/VC 推行/VC 低/VH<br>成本/Na 私营/VC 退休金/Na <b>计划/Na</b><br>目前/Nd ，/COMMACATEGORY<br>公积金/Na 普通/VH 户头/Na 利率/Na<br>是/SHI 2.5/Neu %/Nf ，/COMMACATEGORY","SG"
"计划/Na/XIN_CMN_20001013_wpr/61077",-0.0817489660940866,0.0326061984623889,"计划","XIN","2000","夺取/VC 冠军/Na 。/PERIODCATEGORY<br>壳牌/Na 公司/Nc 收购/VC 新西兰/Nb<br>雄狮/Na 能源/Na 公司/Nc <b>计划/Na</b><br>受挫/VH 新华社/Nc 惠灵顿/Nb 10月/Nd<br>13日/Nd 电/Na (/PARENTHESISCATEGORY<br>记者/Na 周慈朴/Na )/PARENTHESISCATEGORY","ML"
"方案/Na/ZBN_CMN_20030720_wpr/41191",0.094513805806039,0.0235956062970065,"方案","ZBN","2003","，/COMMACATEGORY 盖顶/Neqa<br>的/DE 问题/Na 。/PERIODCATEGORY<br>圆满/VH 解决/VC 破/VHC 常规/Na<br>的/DE <b>方案/Na</b> ，/COMMACATEGORY<br>可/D 说/VE 是/SHI 意大利/Nc<br>文艺复兴/Na 的/DE 第一/Neu 件/Nf<br>作品/Na","SG"
"计划/Na/XIN_CMN_20030923_wpr/10420",-0.00498185246303395,-0.062599728444352,"计划","XIN","2003","使/VL 学生/Na 能/D 及时/D 掌握/VC<br>教学/Nv 内容/Na ,/COMMACATEGORY<br>完成/Nv 教学/Nv <b>计划/Na</b><br>。/PERIODCATEGORY 现代/Nd<br>远程教育/Na 还可以/D 使/VL 不同/Na<br>地点/Na 的/DE 学生/Na 与/Caa","ML"
"计划/Na/ZBN_CMN_20030808_wpr/43628",-0.209462983562038,0.475014852786716,"计划","ZBN","2003","要员/Na 高兹/Nb 越狱/VA 之前/Ng<br>，/COMMACATEGORY 被/P 逮捕/Nv<br>的/DE 阿立奋敏/Nb 阿里/Nb <b>计划/Na</b><br>攻击/VC 在/P 曼谷/Nc 的/DE<br>外国/Nc 大使馆/Nc 、/PAUSECATEGORY<br>警方/Na 在/P 印尼/Na","SG"
"计划/Na/XIN_CMN_20030602_wpr/46801",0.020131376731632,0.0182446836612268,"计划","XIN","2003","》/PARENTHESISCATEGORY<br>把/P 一/Neu 个/Nf 停留/VA<br>在/P 纸/Na 上/Ncd 的/DE 援助/Na<br><b>计划/Na</b> 以/P 发展/Na<br>伙伴/Na 关系/Na 的/DE 形式/Na<br>付诸/VF 行动/VA 了/Di 。/PERIODCATEGORY","ML"
"计划/Na/XIN_CMN_20010128_wpr/10370",0.0512064808986433,0.0247479406193362,"计划","XIN","2001","的/DE 前期/Nd 工作/Na 已/D<br>全面/Na 展开/VC 。/PERIODCATEGORY<br>广西/Nc 壮族/Nb 自治区/Nc <b>计划/Na</b><br>委员会/Nc 主任/Na 杨/Nb 道喜/VB<br>日前/Nd 向/P 记者/Na 透/VJ<br>露/VC ,/COMMACATEGORY","ML"
"计划/Na/ZBN_CMN_20030422_wpr/53443",0.0320292836987082,-0.0356727928643686,"计划","ZBN","2003","相/D 关/VC 的/DE 研究/Nv 设备/Na<br>，/COMMACATEGORY 让/VL<br>学生/Na 参与/VC 科研/Na <b>计划/Na</b><br>。/PERIODCATEGORY 参与/VC<br>的/DE 科研/Na 公司/Nc 包括/VK<br>：/COLONCATEGORY 南洋/Nc<br>理工/Na 大学/Na","SG"
"计划/Na/CNA_CMN_20010119_wpr/65031",-0.442924599014226,-0.0185588214143064,"计划","CNA","2001","与/Caa 泰方/Na 在/P 一九九三年/Nd<br>成/VG 立/VA 的/DE 「/PARENTHESISCATEGORY<br>泰国王/Nb 家/Nc <b>计划/Na</b><br>基金会/Nc ROYAL/FW PROJECT/FW<br>FOUNDATION/FW 」/PARENTHESISCATEGORY<br>在/VCP 台北/Nc 共同/D 签署/VC<br>「/PARENTHESISCATEGORY","TW"
"方案/Na/ZBN_CMN_20030821_wpr/31718",0.0337550365362209,-0.00918526253526501,"方案","ZBN","2003","，/COMMACATEGORY 而/Cbb<br>印度/Nc 政府/Na 鼓励/Nv 国内/Nc<br>采用/Nv 开放源/Na 代码/Na 解决/VC<br><b>方案/Na</b> 更/D 进一步/D<br>助/VF 长/VC 此/Nep 气势/Na<br>。/PERIODCATEGORY ”/PARENTHESISCATEGORY<br>主管/Na 矽图/Na","SG"
"方案/Na/CNA_CMN_20001217_wpr/30926",0.0917826786067768,0.0746128064904405,"方案","CNA","2000","大学/Na 现/D 正/D 与/P 大陆/Nc<br>一些/Neqa 着名/VH 大学/Na 讨论/Na<br>合作/VH <b>方案/Na</b> ,/COMMACATEGORY<br>希望/Na 能够/D 引进/VC 更多/VH<br>大陆/Nc 专才/Na 。/PERIODCATEGORY<br>卢镒辉/Nb 昨天/Nd","TW"
"方案/Na/CNA_CMN_20001108_wpr/71732",0.020550552536414,0.0309796790792604,"方案","CNA","2000","减税/Nv 方案/Na 来/D 看/VC<br>,/COMMACATEGORY 布/Na<br>希/VK 提出/VC 的/DE 减税/Nv<br><b>方案/Na</b> 金额/Na 有/V_2<br>一兆六千多万/Neu 美元/Nf ,/COMMACATEGORY<br>比高尔/Nb 的/DE 四千多万/Neu<br>美元/Nf 要/D","TW"
"计划/Na/CNA_CMN_20001220_wpr/136375",-0.102400622023134,0.132044918228481,"计划","CNA","2000","后/Ng ,/COMMACATEGORY<br>辅导/VC 转/VC 由/P 业者/Na<br>主导/VC 。/PERIODCATEGORY<br>891220/Neu 金门县府/Na <b>计划/Na</b><br>以/P 老人会/Na 名义/Na 接回/VC<br>对岸/Nc 乡亲/Na (/PARENTHESISCATEGORY<br>中央社/Nc 记者/Na 倪国炎/Nb","TW"
"计划/Na/CNA_CMN_20001208_wpr/142783",0.0266475507703226,-0.00757851885965758,"计划","CNA","2000","将/D 予/VD 社区/Nc 居/VG 民/Nd<br>沟通/VC ,/COMMACATEGORY<br>未来/Nd 会/D 有/V_2 <b>计划/Na</b><br>的/DE 往/P 山/Na 下/Ng 移动/Nv<br>。/PERIODCATEGORY 有关/Nv<br>出土/Nv 文物/Na 的/DE","TW"
"计划/Na/XIN_CMN_20030525_wpr/42289",0.104745173544273,-0.0142823613247969,"计划","XIN","2003",")/PARENTHESISCATEGORY<br>以色列/Nc 内阁/Na 有/V_2 保留/VC<br>地/DE 接受/Nv “/PARENTHESISCATEGORY<br>路线图/Na ”/PARENTHESISCATEGORY<br><b>计划/Na</b> (/PARENTHESISCATEGORY<br>国际/Nc )/PARENTHESISCATEGORY<br>专家/Na 呼吁/VE 不/D 发达/VH<br>国家/Na 重视/VJ 信息技术/Na","ML"
"计划/Na/XIN_CMN_20010106_wpr/26028",-0.0103455129117192,0.00210016353123082,"计划","XIN","2001","将/D 被/P 取消/VC 补贴/Na 。/PERIODCATEGORY<br>俄/Nc 公布/VE 2001年/Nd 航天/Na<br>发射/VC <b>计划/Na</b> 新华社/Nc<br>莫斯科/Nc 1月/Nd 5日/Nd 电/Na<br>(/PARENTHESISCATEGORY<br>记者/Na 栾海/Nb )/PARENTHESISCATEGORY<br>俄罗斯/Na","ML"
"计划/Na/ZBN_CMN_20001003_wpr/17870",0.0654182086397612,-0.0408543831002728,"计划","ZBN","2000","播放/VC 的/DE 电视/Na 频道/Na<br>得到/Nv “/PARENTHESISCATEGORY<br>公共/A 服务/Na 广播/Na ”/PARENTHESISCATEGORY<br><b>计划/Na</b> 的/DE 资/Na<br>助/VF 。/PERIODCATEGORY<br>至于/Caa 收音机/Na ，/COMMACATEGORY<br>只有/D 那些/Neqa 播放/VC","SG"
"计划/Na/ZBN_CMN_20030801_wpr/49990",0.00998883062147989,-0.014450156579214,"计划","ZBN","2003","。/PERIODCATEGORY 过去/VJ<br>两/Neu 年/Nf ，/COMMACATEGORY<br>空手道/Na 总会/D 积极/VH 推出/VC<br>发展/Na <b>计划/Na</b> ，/COMMACATEGORY<br>希望/Na 通过/P 这些/Neqa 计划/Na<br>，/COMMACATEGORY 为/VG<br>新加坡/Nc 培养出/VC 新/VH","SG"
"计划/Na/CNA_CMN_20001202_wpr/129848",-0.171678991864578,0.111696217350476,"计划","CNA","2000","拍/VC 电影/Na 时/Ng 都/D 很/Dfa<br>受罪/VH 。/PERIODCATEGORY<br>接下来/D 的/DE 拍片/Nv <b>计划/Na</b><br>,/COMMACATEGORY 李安/Nb<br>说/VE ,/COMMACATEGORY<br>他/Nh 希望/Na 能够/D 拍/VC<br>中国/Na 的/DE","TW"
"计划/Na/XIN_CMN_20010131_wpr/47217",0.0299627601873638,-0.0436613387627412,"计划","XIN","2001","工厂/Nc 专门/VH 生/VC 产/VC<br>“/PARENTHESISCATEGORY<br>生物/Na 柴油/Na ”/PARENTHESISCATEGORY<br>。/PERIODCATEGORY 他们/Nh<br><b>计划/Na</b> 采取/VC 以/P<br>物/Na 换/VC 油/Na 的/DE 办法/Na<br>推广/VC 使用/Na “/PARENTHESISCATEGORY","ML"
"计划/Na/XIN_CMN_20030823_wpr/35400",0.0362444676062097,-0.0142324391601489,"计划","XIN","2003","他/Nh 敦促/VF 巴/Nc 以/P 重新/D<br>履行/VC “/PARENTHESISCATEGORY<br>路线/Na 图/VF ”/PARENTHESISCATEGORY<br><b>计划/Na</b> 所/D 规定/VE<br>的/DE 义务/Na ,/COMMACATEGORY<br>避免/Nv 局势/Na 进一步/D 恶化/VH<br>。/PERIODCATEGORY","ML"
"计划/Na/XIN_CMN_20030430_wpr/58994",0.0136915786002639,0.00478607227416393,"计划","XIN","2003","计划/Na ,/COMMACATEGORY<br>以便/Cbb 将/P 禁毒/Na 信息/Na<br>广为/P 宣传/Na 。/PERIODCATEGORY<br>该/Nes <b>计划/Na</b> 自/P<br>1992年/Nd 展开/VC 以来/Ng<br>,/COMMACATEGORY 已/D 成为/VG<br>禁毒/Na 常务/A 委员会/Nc","ML"
"计划/Na/XIN_CMN_20010115_wpr/73318",0.0455383737363779,-0.106081396761866,"计划","XIN","2001","婚育/Na 新风/Na 的/DE 标语/Na<br>和/Caa 宣传/Na 画/VC 随处可见/Na<br>,/COMMACATEGORY 以/P <b>计划/Na</b><br>生育/Nv 为/VG 主要/D 内容/Na<br>的/DE 农民/Na 剪纸/Nv 和/Caa<br>农民/Na 画展/Na","ML"
"计划/Na/CNA_CMN_20010118_wpr/37231",-0.0707424713497874,0.00241136583706652,"计划","CNA","2001","宇/Nc 一/Neu 家/Nf 航班/Na<br>」/PARENTHESISCATEGORY<br>。/PERIODCATEGORY 网页/Na<br>内/Nc 的/DE 旅程/Na <b>计划/Na</b><br>软件/Na 每/Nes 月会/Na 更新/VC<br>一/Neu 次/Nf ,/COMMACATEGORY<br>显示/VK 最/Dfa 新/VH","TW"
"计划/Na/ZBN_CMN_20030920_wpr/48319",0.0401597584761715,-0.17053631499554,"计划","ZBN","2003","没有/D 任何/Neqa 事件/Na 可以/VH<br>相比/VB 的/DE 。/PERIODCATEGORY<br>国民服/Na 役/Na 试验/Na <b>计划/Na</b><br>（/PARENTHESISCATEGORY<br>吉隆坡/Nc 综合/VC 讯/Na ）/PARENTHESISCATEGORY<br>以/P 提高/VC 各/Nes 族/Na<br>人民/Na","SG"
"计划/Na/ZBN_CMN_20030723_wpr/27993",-0.088433775538876,-0.0150078389533345,"计划","ZBN","2003","软库/Na 金汇/Nb 投资/Na 今年/Nd<br>已经/D 主理/Na 了/Di 10/Neu<br>个/Nf 售股/Na <b>计划/Na</b><br>，/COMMACATEGORY 它/Nh<br>今天/Nd 将/D 推出/VC 中国/Na<br>环保/Na 供/VF 暖/VH 设备/Na","SG"
"计划/Na/ZBN_CMN_20030925_wpr/3762",-0.0684464525971889,0.122618422588074,"计划","ZBN","2003","他/Nh 家/Nc 时/Ng 发现/VE<br>他/Nh 与/P 同/Nes 伴/VF 的/DE<br>袭击/Nv <b>计划/Na</b> 。/PERIODCATEGORY<br>他们/Nh 打算/VF 在/P 曼谷/Nc<br>国际/Nc 机场/Nc ，/COMMACATEGORY<br>趁/P 以色列/Nc","SG"
"计划/Na/XIN_CMN_20001115_wpr/37682",0.0205928677063127,-0.0611999186384633,"计划","XIN","2000","梦/Na ”/PARENTHESISCATEGORY<br>的/DE 重大/VH 举措/Na ,/COMMACATEGORY<br>我/Nh 国/Nc “/PARENTHESISCATEGORY<br>863/Neu <b>计划/Na</b><br>”/PARENTHESISCATEGORY<br>在/P 自动化/Nv 领域/Na 设立/VC<br>了/Di CIMS/FW 主题/Na 。/PERIODCATEGORY<br>1995年/Nd","ML"
"方案/Na/XIN_CMN_20010127_wpr/32942",0.0283385361736441,0.0192942340719518,"方案","XIN","2001","调查/Na 之后/Ng ,/COMMACATEGORY<br>朱训国/Nb 向/P 团/Na 党委/Na<br>提出/VC 了/Di 改革/VC <b>方案/Na</b><br>:/COLONCATEGORY 所有/VC<br>预提/Nb 干部/Na 都/D 由/P 基层/Na<br>党委/Na 推荐/VC ,/COMMACATEGORY","ML"
"方案/Na/XIN_CMN_20030626_wpr/64699",0.0238164458313322,0.0457905696125835,"方案","XIN","2003","把/P 通向/VCL 亚太/Nc 国家/Na<br>的/DE 输油管道/Na 方案/Na 和/Caa<br>输气管/Na 道/VE <b>方案/Na</b><br>结合起来/VB ,/COMMACATEGORY<br>以/P 减少/Nv 成本/Na 开支/Na<br>。/PERIODCATEGORY 赫里斯坚科/Nb<br>即将/D 赴/VCL","ML"
"计划/Na/ZBN_CMN_20001230_wpr/28379",0.00525104199558976,-0.0058283712490477,"计划","ZBN","2000","“/PARENTHESISCATEGORY<br>老人/Na 护理/Na 基金/Na ”/PARENTHESISCATEGORY<br>、/PAUSECATEGORY “/PARENTHESISCATEGORY<br>特别/VH 住屋/Na 援助/Na <b>计划/Na</b><br>”/PARENTHESISCATEGORY<br>，/COMMACATEGORY 以及/Caa<br>公积金/Na 填补/VC 计划/Na 等/Cab<br>，/COMMACATEGORY 各/Nes<br>有/V_2","SG"
"计划/Na/XIN_CMN_20030502_wpr/54270",-0.536401159037141,-0.000170419758209818,"计划","XIN","2003","比赛/Na 的/DE 方案/Na 并/D<br>不/D 理想/Na ,/COMMACATEGORY<br>理想/Na 的/DE 增容/Nb <b>计划/Na</b><br>应该/D 是/SHI 将/P 球队数/Na<br>增加/VHC 到/P 40/Neu 支/Nf<br>,/COMMACATEGORY 分成/VG","ML"
"计划/Na/XIN_CMN_20030911_wpr/64977",0.0384392186244336,-0.00468623408293086,"计划","XIN","2003","会议/Na ,/COMMACATEGORY<br>研究/VA 如/P 何/Nes 推动/Nv<br>实施/Nv “/PARENTHESISCATEGORY<br>路线图/Na ”/PARENTHESISCATEGORY<br><b>计划/Na</b> 。/PERIODCATEGORY<br>关于/P 伊拉克/Nc 问题/Na ,/COMMACATEGORY<br>希拉克/Nb 说/VE ,/COMMACATEGORY<br>法国/Na 政府/Na","ML"
"计划/Na/ZBN_CMN_20030827_wpr/63719",-0.044235252841632,0.0302446135978394,"计划","ZBN","2003","到访/Nv 虽然/Cbb 孟买/Nc 发生大/Nc<br>爆炸/Nv ，/COMMACATEGORY<br>辛哈/Nb 还是/D 按/P 原定/VE<br><b>计划/Na</b> 前来/VCL 访问/VC<br>，/COMMACATEGORY 贾古玛/Nb<br>外长/Na 对/P 他/Nh 的/DE 到访/Nv<br>表示/Nv","SG"
"计划/Na/ZBN_CMN_20010110_wpr/6756",0.115695231119594,-0.00380081514054723,"计划","ZBN","2001","电/Na 中国/Nc 报章/Na 昨天/Nd<br>抨击美/Nb 国/Nc 国家/Na 导弹/Na<br>防御/Nv 系统/Na <b>计划/Na</b><br>，/COMMACATEGORY 指/VG<br>它/Nh 具有/VJ “/PARENTHESISCATEGORY<br>可怕/VH 的/DE 和/Caa 负面/Na<br>的/DE","SG"
"方案/Na/XIN_CMN_20001206_wpr/39069",0.110568420215795,-0.0479776382134761,"方案","XIN","2000",";/SEMICOLONCATEGORY 其余/Neqa<br>10/Neu 国/Nc 各/Nes 一/Neu<br>名/Nf 。/PERIODCATEGORY<br>改/VC 革/VC <b>方案/Na</b><br>主张/Na 限制/Na 委员/Na 人数/Na<br>,/COMMACATEGORY 小/VH<br>国/Na 担心/VK 失去/VJ 在/P","ML"
"方案/Na/CNA_CMN_20001011_wpr/119717",-0.0183217171291344,0.060376938438147,"方案","CNA","2000","、/PAUSECATEGORY 一千五百/Neu<br>人/Na 。/PERIODCATEGORY<br>目前/Nd 最/Dfa 有/V_2 可能/Na<br>採行/Nv 的/DE <b>方案/Na</b><br>是/SHI 裁减/VC 剩下/VJ 一千五百/Neu<br>人/Na ,/COMMACATEGORY<br>只/Da 保留/VC 造/VC 军舰/Na","TW"
"计划/Na/XIN_CMN_20030919_wpr/74859",0.0271376574646955,-0.0292919736638544,"计划","XIN","2003","韩国/Nc 情报/Na 通信部/Nc 公布/VE<br>的/DE 《/PARENTHESISCATEGORY<br>新一代/A 因特网/Na 普及/Nv 促进/Nv<br><b>计划/Na</b> 》/PARENTHESISCATEGORY<br>,/COMMACATEGORY 韩国/Nc<br>将/D 组建/VC “/PARENTHESISCATEGORY<br>新一代/A 因特网/Na 战略/Na 协议/Na","ML"
"计划/Na/XIN_CMN_20001025_wpr/56208",-0.0126637202344229,-0.0340427622529802,"计划","XIN","2000","罗马尼亚/Nc 国民教育/Na 部/Nf<br>最近/VH 推出/VC 高中生/Na 旁听/VC<br>大学/Nb 课程/Na 的/DE <b>计划/Na</b><br>,/COMMACATEGORY 以/P 此/Nep<br>帮助/Na 他们/Nh 在/P 日后/Nd<br>高考/Na 时/Ng 选择/Na","ML"
"计划/Na/ZBN_CMN_20010128_wpr/9415",-0.316369664331568,-0.203541852245328,"计划","ZBN","2001","昨日/Nd 为/P 工艺/Na 教育学院/Nc<br>主持/Na 马来/Nc 及/Caa 回教/Nb<br>学生/Na 青年/Na <b>计划/Na</b><br>的/DE 推展仪/Na 式/Nf 后/Ng<br>受/P 询/VE 时/Ng 说/VE ，/COMMACATEGORY<br>马来西亚/Nc","SG"
"计划/Na/XIN_CMN_20010121_wpr/54291",0.0332777150078155,-0.0378458552842709,"计划","XIN","2001","户/Nf 。/PERIODCATEGORY<br>今年/Nd 是/SHI 北京市/Nc 危旧房/Na<br>改造/Na “/PARENTHESISCATEGORY<br>五/Neu 年/Nf <b>计划/Na</b><br>”/PARENTHESISCATEGORY<br>的/DE 第一/Neu 年/Nf ,/COMMACATEGORY<br>全/Nb 年/Nf 危改量/Na 将/D<br>超过/VJ","ML"
"方案/Na/ZBN_CMN_20001101_wpr/38184",0.00363621297377275,0.0711944169731741,"方案","ZBN","2000","据/P 台湾/Nc 《/PARENTHESISCATEGORY<br>中国时报/Nb 》/PARENTHESISCATEGORY<br>昨天/Nd 报道/Na ，/COMMACATEGORY<br>目前/Nd 研拟/Nv <b>方案/Na</b><br>包括/VK 由/P 各/Nes 部会/Na<br>非/D 营业/VA 基金/Na 支付/Nv<br>、/PAUSECATEGORY 仿效/VC","SG"
"计划/Na/ZBN_CMN_20001111_wpr/24984",0.0076339958496915,-0.139762586840515,"计划","ZBN","2000","课程/Na 统一/Nb 教材/Na 、/PAUSECATEGORY<br>1985年/Nd 的/DE 《/PARENTHESISCATEGORY<br>综合/VC 学/VC 校/Nc <b>计划/Na</b><br>》/PARENTHESISCATEGORY<br>及/Caa 1987年/Nd 委派/VF<br>不/D 谙/VJ 华语/Na 、/PAUSECATEGORY<br>不/D 具/VJ","SG"
"计划/Na/CNA_CMN_20001021_wpr/86468",0.0349378224030495,0.0558389123875814,"计划","CNA","2000","有意/VL 收回/VC 拆除/VC ,/COMMACATEGORY<br>却/D 没有/D 做好/VC 安置/VC<br>灾民/Na 的/DE <b>计划/Na</b><br>,/COMMACATEGORY 导致/VL<br>人/Na 心/Na 惶惶/VH ,/COMMACATEGORY<br>县府/Nc 应该/D 要/D 提出/VC","TW"
"计划/Na/ZBN_CMN_20010103_wpr/32341",0.055576988361788,-0.107036504153991,"计划","ZBN","2001","5.3/Neu 和/Caa 16/Neu<br>个/Nf 百/Neu 分/Nf 点/Na<br>。/PERIODCATEGORY 民意/Na<br>研究/VC <b>计划/Na</b> 主任/Na<br>钟庭耀/Nb 分析/Na 上述/Na 数据/Na<br>时/Ng 认为/VE ，/COMMACATEGORY<br>这/Nep 不一定/D","SG"
"计划/Na/XIN_CMN_20001002_wpr/49903",0.0618492734964931,-0.074111698293232,"计划","XIN","2000","的/DE 温饱/Na ,/COMMACATEGORY<br>正/D 是/SHI “/PARENTHESISCATEGORY<br>八七/Neu ”/PARENTHESISCATEGORY<br>扶贫/VA 攻坚/VA <b>计划/Na</b><br>最后/Ncd 一/Neu 战/Na 。/PERIODCATEGORY<br>来自/VJ 权威/VH 部门/Na 的/DE<br>消息/Na 说/VE","ML"
"方案/Na/CNA_CMN_20001210_wpr/39058",-0.0858124558505889,-0.0859273444762895,"方案","CNA","2000","不佳/VH ,/COMMACATEGORY<br>许多/Neqa 业者/Na 都/D 在/P<br>年关/Nd 前/Ng 推出/VC 特惠/VJ<br><b>方案/Na</b> ,/COMMACATEGORY<br>像/VG 全/Nb 海岸/Nc 活虾/Na<br>餐厅/Nc 为了/P 吸引/VJ 老板/Na<br>前来/VCL","TW"
"计划/Na/XIN_CMN_20030517_wpr/60215",0.104745173544273,-0.0142823613247969,"计划","XIN","2003","侵犯/VC 和/Caa 继续/Nv 包围/Nv<br>,/COMMACATEGORY 并/Cbb<br>接受/VC “/PARENTHESISCATEGORY<br>路线图/Na ”/PARENTHESISCATEGORY<br><b>计划/Na</b> 。/PERIODCATEGORY<br>关于/P 伊拉克/Nc 问题/Na ,/COMMACATEGORY<br>法赫德/Nb 希望/Na 伊拉克人/Na<br>民/Na 能/D","ML"
"方案/Na/ZBN_CMN_20030920_wpr/21352",-0.0185733632393154,0.102083661915504,"方案","ZBN","2003","消协/Nc 上/Nes 个/Nf 月/Na<br>公开/VHC 对/P 美国/Nc 友邦/Nc<br>的/DE 补偿/Na <b>方案/Na</b><br>表示/VE 失望/VH 后/Ng ，/COMMACATEGORY<br>消协/Nc 和/P 美国/Na 友邦/Nc<br>曾/D 数/Neu","SG"
"计划/Na/XIN_CMN_20030515_wpr/62163",-0.072081753120701,-0.00966381826672773,"计划","XIN","2003","内地/Nc 医护/A 专家/Na 和/Caa<br>科学家/Na 代表团/Na 外商/Na 合资企业/Na<br>进军/VCL 北京/Nc <b>计划/Na</b><br>不变/VH (/PARENTHESISCATEGORY<br>港澳台/Nc )/PARENTHESISCATEGORY<br>香江/Nc 特写/Na :/COLONCATEGORY<br>非典/Na 渐/D 退/VA","ML"
"计划/Na/XIN_CMN_20001204_wpr/60523",0.0229684886364761,0.000219698570024504,"计划","XIN","2000","并/D 制定/VC 了/Di 一/Neu<br>项/Nf 为期/VH 4/Neu 年/Nf<br>的/DE 发展/Na <b>计划/Na</b><br>,/COMMACATEGORY 准备/VF<br>凭借/VC 加入/VC 欧元区/Nc 的/DE<br>机会/Na ,/COMMACATEGORY<br>继续/Nv 深化/Nv","ML"
"方案/Na/XIN_CMN_20030820_wpr/42753",0.000489553090335787,-0.0260221104511283,"方案","XIN","2003","的/DE 2/Neu 位/Nf 专家/Na<br>20日/Nd 上午/Nd 对/P 项目/Na<br>规划/Na 设计/VC <b>方案/Na</b><br>作/VC 了/Di 详细/VH 说明/Na<br>。/PERIODCATEGORY 他们/Nh<br>把/P 整/VC 个/Nf 景区/Nc","ML"
"方案/Na/CNA_CMN_20001124_wpr/151886",0.0655258990918975,0.0877528264205612,"方案","CNA","2000","批评/Na 一/Neu 项/Nf 旨/Na<br>在/P 拉近/VC 双方/Nh 歧见/Na<br>的/DE 折衷/Nv <b>方案/Na</b><br>。/PERIODCATEGORY 美国/Na<br>高级/VH 谈判/Na 代表/Na 桑达罗/Nb<br>说/VE ,/COMMACATEGORY<br>这/Nep 项/Nf","TW"
"计划/Na/XIN_CMN_20001213_wpr/23675",0.134119364215532,0.037241034152011,"计划","XIN","2000","日/Nf 举行/VC 。/PERIODCATEGORY<br>此外/Cbb ,/COMMACATEGORY<br>朝美/Nb 还/D 就/P 朝鲜/Nc 导弹/Na<br><b>计划/Na</b> 问题/Na 于/P<br>今年/Nd 7月/Nd 和/Caa 11月/Nd<br>在/P 吉隆坡/Nc 举行/VC 了/Di","ML"
"方案/Na/CNA_CMN_20001010_wpr/105716",-0.00149261827552043,-0.00377774138637699,"方案","CNA","2000","针对/P 台北市/Nc 宣称/VE 明年/Nd<br>九十学年度/Na 正式/Nv 实施/Nv<br>高中/Nc 多元/Na 入学/Nv <b>方案/Na</b><br>时/Ng ,/COMMACATEGORY<br>招生/VA 第二/Neu 阶段/Na 拟/VF<br>採/VC 人文/Na 与/Caa 自然/Na","TW"
"计划/Na/ZBN_CMN_20030907_wpr/27732",0.078045373364545,-0.0540691370226454,"计划","ZBN","2003","（/PARENTHESISCATEGORY<br>Boeing/FW ）/PARENTHESISCATEGORY<br>出/VC 租/VD 飞机/Na 给/VD<br>美国/Nc 空军/Nc 的/DE <b>计划/Na</b><br>，/COMMACATEGORY 却/D 为/P<br>国防部/Nc 延缓/VC 推行/VC ，/COMMACATEGORY<br>以/P 寻求/VC 其他/Neqa","SG"
"方案/Na/CNA_CMN_20010119_wpr/140761",-0.0586152100910432,0.050155371481044,"方案","CNA","2001","ADSL/FW ,/COMMACATEGORY<br>预估/Nv 金额/Na 应/D 低于/VJ<br>十亿/Neu 元/Nf ,/COMMACATEGORY<br>该/Nes <b>方案/Na</b> 并/D<br>已/D 获/VJ 交通部/Nc 核准/VE<br>。/PERIODCATEGORY 900119/Neu<br>沖绳县/Nc 议会/Nc 通过/VC","TW"
"方案/Na/XIN_CMN_20010117_wpr/54901",0.0273414242049975,-0.018540055708974,"方案","XIN","2001","、/PAUSECATEGORY 古交/Nb<br>钢铁厂/Nc 等/Cab 正在/D 制定/VC<br>具/VJ 体/Na 的/DE 关停/Nb<br><b>方案/Na</b> 。/PERIODCATEGORY<br>全省/Na 各/Nes 地/Nc 市/Nc<br>还/D 关闭/VC 了/Di 400余/Neu<br>户/Nf","ML"
"方案/Na/XIN_CMN_20030715_wpr/70647",0.0455911861585021,0.0595197962556103,"方案","XIN","2003","欧盟/Nb 各/Nes 国/Nc 当/P<br>年/Nf 达成/VC 的/DE 一/Neu<br>项/Nf 妥协/Nv <b>方案/Na</b><br>,/COMMACATEGORY 1999年/Nd<br>就任/VG 央行/Nc 首任/DE 行长/Na<br>的/Na 德伊森贝/Nb 赫/Nb 同意/VK","ML"
"计划/Na/XIN_CMN_20030828_wpr/57149",-0.0376220512427471,-0.044410535151591,"计划","XIN","2003","的/DE 各/Nes 种/Nf 食物/Na<br>。/PERIODCATEGORY 这/Nep<br>是/SHI 圣淘沙岛/Nc 10年/Nd<br>发展/VC <b>计划/Na</b> 的/DE<br>重点/Na 项目/Na ,/COMMACATEGORY<br>计划/Nv 总投资/Na 为/VG 1500万/Neu<br>新/VH 元/Nf","ML"
"计划/Na/XIN_CMN_20001218_wpr/8185",0.0479201174314141,-0.0196637208491061,"计划","XIN","2000",",/COMMACATEGORY 制定/VC<br>了/Di 1991/Neu 至/Caa 2110年/Nd<br>州际/A 高速/Na 公路/Na 发展/Na<br><b>计划/Na</b> ,/COMMACATEGORY<br>计/VG 划/VC 期/Na 内/Ncd<br>,/COMMACATEGORY 新建/Nv<br>高速/Na 公路/Na 2313/Neu","ML"
"计划/Na/XIN_CMN_20001201_wpr/40974",0.0314687939344439,0.011965807417259,"计划","XIN","2000","竞选/VC 阵营/Na 都/D 在/P 继续/VA<br>推行/VC 各自/Nh 的/DE 政府/Na<br>过渡/Nv <b>计划/Na</b> 。/PERIODCATEGORY<br>布什/Nb 及其/Caa 竞选/VC 伙伴/Na<br>切尼/Nc 30日/Nd 在/P 得克萨/Nb<br>斯/Nep","ML"
"计划/Na/XIN_CMN_20030418_wpr/37113",0.107782999321427,-0.072447058432056,"计划","XIN","2003","”/PARENTHESISCATEGORY<br>和/Caa “/PARENTHESISCATEGORY<br>内陆/Nc 地区/Nc 急救/Nv 医疗/Na<br>中心/Nc 器材/Na 装备/Na <b>计划/Na</b><br>”/PARENTHESISCATEGORY<br>,/COMMACATEGORY 两国/Nc<br>将/D 利用/VC 无偿/VH 资金/Na<br>向/P 内/Ncd 蒙古/Nc","ML"
"计划/Na/XIN_CMN_20001212_wpr/33948",-0.191265967293295,-0.524819567804471,"计划","XIN","2000","年/Nf 的/DE 时间/Na ,/COMMACATEGORY<br>漫长/VH 而/Cbb 又/D 短暂/VH<br>。/PERIODCATEGORY 摆脱/VC<br><b>计划/Na</b> 体制/Na 窠臼/Na<br>,/COMMACATEGORY 闯/VC<br>荡/VA 市场/Nc 经济/Na 大潮/Na<br>,/COMMACATEGORY 对/P","ML"
"计划/Na/CNA_CMN_20001222_wpr/13592",0.00968573288752905,0.0169526180053579,"计划","CNA","2000","柯林顿/Nb 已/D 提出/VC 一/Neu<br>项/Nf 以色列/Nc 大体/Na 可以/VH<br>接受/VC 的/DE <b>计划/Na</b><br>,/COMMACATEGORY 并/Cbb<br>曾/D 表示/VE 希望/Na 能/D 在/P<br>明年/Nd 一月/Nd 十日/Nd","TW"
"计划/Na/CNA_CMN_20001212_wpr/116636",0.0130008603560922,0.0280083493198749,"计划","CNA","2000","陈水在/Nb 说/VE ,/COMMACATEGORY<br>县府/Nc 拟订/VC 的/DE 滞厦/Na<br>乡亲/Na 人道/Na 返乡/Nv <b>计划/Na</b><br>,/COMMACATEGORY 优/VH<br>先/D 实施/Nv 对/P 像/VG 为/VG<br>六十五/Neu 岁/Nf 乡亲/Na","TW"
"方案/Na/CNA_CMN_20001007_wpr/119662",0.12752389377049,-0.04267898959452,"方案","CNA","2000","」/PARENTHESISCATEGORY<br>、/PAUSECATEGORY 「/PARENTHESISCATEGORY<br>以/P 党/Na 领/VC 政/Na 」/PARENTHESISCATEGORY<br>的/DE 改革/Nv <b>方案/Na</b><br>,/COMMACATEGORY 新/VH<br>世纪/Na 认为/VE ,/COMMACATEGORY<br>「/PARENTHESISCATEGORY<br>皆/D 不足取/VH 」/PARENTHESISCATEGORY<br>。/PERIODCATEGORY","TW"
"计划/Na/XIN_CMN_20030403_wpr/92006",0.0427308227108132,0.000277805671573807,"计划","XIN","2003","有关/VJ 的/DE 问题/Na ,/COMMACATEGORY<br>不准/D 问/VE 与/P 今后/Nd 军事/Na<br>行动/Na <b>计划/Na</b> 有关/VJ<br>的/DE 问题/Na ”/PARENTHESISCATEGORY<br>。/PERIODCATEGORY 外电/Na<br>指出/VE ,/COMMACATEGORY<br>美军/Na 不仅/Cbb","ML"
"计划/Na/XIN_CMN_20030717_wpr/61931",0.087159175172533,0.0111434959232685,"计划","XIN","2003",")/PARENTHESISCATEGORY<br>埃俄/Nb 敦促/VF 巴/Nc 以/P<br>切实/VH 履行/VC “/PARENTHESISCATEGORY<br>路线图/Na ”/PARENTHESISCATEGORY<br><b>计划/Na</b> (/PARENTHESISCATEGORY<br>国际/Nc )/PARENTHESISCATEGORY<br>巴勒斯坦/Nc 激进/VH 组织/Na 对/P<br>阿巴斯/Nb 决定/Na 访美/Nb","ML"
"计划/Na/XIN_CMN_20030401_wpr/3412",0.0921412565494181,0.0371886129985458,"计划","XIN","2003","两/Neu 个/Nf 北约/Nb 盟国/Na<br>解释/Nv 美/Na 在/P 伊拉克/Nc<br>的/DE 行动/Na <b>计划/Na</b><br>,/COMMACATEGORY 以/P 改善/VC<br>因/P 美单/Na 方面/Na 对/P 伊拉克/Nc<br>采取/VC 军事/Na","ML"
"计划/Na/XIN_CMN_20030401_wpr/69743",0.0811707212173476,0.0395614648989572,"计划","XIN","2003","与/P 伊拉克/Nc 进行/VC 停火/VH<br>谈判/Na 或/Caa 第三/Neu 方/Nf<br>提出/VC 和平/Nc <b>计划/Na</b><br>的/DE 说法/Na ,/COMMACATEGORY<br>称/VG 唯一/Na 可以/VH 讨论/Na<br>的/DE 就是/SHI 萨/Nb","ML"
"计划/Na/XIN_CMN_20030613_wpr/16578",-0.0630216215453684,0.0559422323999937,"计划","XIN","2003","今日/Nd 沪深/Nb 股市/Nc 行情/Na<br>中国/Nc 文化/Na 简讯/Na 中国/Nc<br>建设/Na 银行/Nc <b>计划/Na</b><br>明年/Nd 把/P 不良/VH 资产/Na<br>率/VF 降到/VJ 10/Neu %/Nf<br>以内/Ng 中国/Nc","ML"
"计划/Na/XIN_CMN_20001115_wpr/34716",0.0165682760212214,0.00197836308390771,"计划","XIN","2000","关于/P 制定/VC 国民经济/Na 和/P<br>社会/Na 发展/VC 第十/Neu 个/Nf<br>五/Neu 年/Nf <b>计划/Na</b><br>的/DE 建议/VC 》/PARENTHESISCATEGORY<br>,/COMMACATEGORY 描绘/VC<br>了/Di 下/Nes 世纪/Na 初/Ng<br>国家/Na","ML"
"方案/Na/ZBN_CMN_20030710_wpr/59079",0.118080936174535,0.0261677958816089,"方案","ZBN","2003","已经/D 成为/VG 夫妻/Na 之间/Ng<br>非常/A 文明/Na 的/DE 一/Neu<br>种/Nf 解决/VC <b>方案/Na</b><br>。/PERIODCATEGORY 以前/Nd<br>女性/Na 完全/D 没/VJ 有/V_2<br>社会/Na 地位/Na ，/COMMACATEGORY<br>但/Cbb","SG"
"计划/Na/XIN_CMN_20030527_wpr/55745",0.052099529898366,0.0131435745482358,"计划","XIN","2003","安南/Nc 呼吁/VE 以/P 巴/Nc<br>双方/Nh 尽快/D 执行/VC “/PARENTHESISCATEGORY<br>路线图/Na ”/PARENTHESISCATEGORY<br><b>计划/Na</b> 新华社/Nc 联合国/Nc<br>5月/Nd 27日/Nd 电/Na (/PARENTHESISCATEGORY<br>记者/Na 杨志望/Na 郭立军/Nb )/PARENTHESISCATEGORY","ML"
"计划/Na/XIN_CMN_20001210_wpr/29292",0.0561685147668369,-0.0382807469497624,"计划","XIN","2000","。/PERIODCATEGORY 国际/Nc<br>联合/VC 电脑/Na 公司/Nc 把/P<br>它/Nh 的/DE 电子商务/Na 发展/Na<br><b>计划/Na</b> 称为/VG “/PARENTHESISCATEGORY<br>胖/VH 蝴蝶/Na ”/PARENTHESISCATEGORY<br>。/PERIODCATEGORY 塔尔坎/Nb<br>说/VE ,/COMMACATEGORY<br>“/PARENTHESISCATEGORY","ML"
"计划/Na/XIN_CMN_20030421_wpr/31899",0.152102882343296,0.0800300654537683,"计划","XIN","2003","的/DE 话说/Dk ,/COMMACATEGORY<br>美国/Na 在/P 伊拉克/Nc 建立/VC<br>军事/Na 基地/Nc 的/DE <b>计划/Na</b><br>不/D 是/SHI 什么/Nep 好事/Na<br>,/COMMACATEGORY 中东/Nc<br>地区/Nc 的/DE 国家/Na 不/D","ML"
"计划/Na/XIN_CMN_20001019_wpr/59095",0.0973230357256996,0.042515586821581,"计划","XIN","2000","安全/Na 和/Caa 军事/Na 优势/Na<br>,/COMMACATEGORY 大力/D<br>推进/VA 国家/Na 导弹/Na 防御/Nv<br><b>计划/Na</b> ,/COMMACATEGORY<br>并/Cbb 为/P 此/Nep 不断/VH<br>提/VE 出/VC 修改/VC 《/PARENTHESISCATEGORY<br>反/VC","ML"
"计划/Na/ZBN_CMN_20030509_wpr/38690",-0.00139429839223311,0.00410185210004956,"计划","ZBN","2003","执照/Na ，/COMMACATEGORY<br>该/Nes 局/Nf 开放/VC 银/Na<br>行业/Na 的/DE 第二/Neu 阶段/Na<br><b>计划/Na</b> 也/D 告/D<br>完成/VC 。/PERIODCATEGORY<br>金管局/Nb 在/P 评估/VE 各/Nes<br>家/Nc 银行/Nc","SG"
"计划/Na/XIN_CMN_20030520_wpr/59919",0.070440652182042,0.0125711092231598,"计划","XIN","2003","与/Caa 巴/Nc 以/P 领导人/Na<br>讨论/Na 中东/Nc 和平/Nc “/PARENTHESISCATEGORY<br>路线图/Na ”/PARENTHESISCATEGORY<br><b>计划/Na</b> (/PARENTHESISCATEGORY<br>国际/Nc )/PARENTHESISCATEGORY<br>布什/Nb 与/Caa 巴/Nc 以/P<br>领导人/Na 讨论/Na 中东/Nc","ML"
"计划/Na/XIN_CMN_20001219_wpr/22735",0.0186088379117793,-0.00409866675136103,"计划","XIN","2000","于/P 制定/VC 国民经济/Na 和/P<br>社会/Na 发展/VC 第十/Neu 个/Nf<br>五/Neu 年/Nf <b>计划/Na</b><br>的/DE 建议/VC 》/PARENTHESISCATEGORY<br>,/COMMACATEGORY 提/VE<br>出/VC 经济/Na 和/Caa 社会/Na<br>发展/Na","ML"
"计划/Na/XIN_CMN_20030708_wpr/55100",0.0634995602539054,0.000885420719602887,"计划","XIN","2003","实现/VC 解决/VC 巴/Nc 以/P<br>冲突/Na 的/DE “/PARENTHESISCATEGORY<br>路线图/Na ”/PARENTHESISCATEGORY<br>和平/Nv <b>计划/Na</b> 。/PERIODCATEGORY<br>德维尔潘/Nb 说/VE ,/COMMACATEGORY<br>法国/Na 支持/Nv 俄罗斯/Nc 关于/P<br>召开/VC 一/Neu","ML"
"计划/Na/XIN_CMN_20030920_wpr/41334",0.040297707266794,0.0336064991677425,"计划","XIN","2003","规范/Na 行事/VA 。/PERIODCATEGORY<br>并/Cbb 要求/VF 他们/Nh 制定/VC<br>切实/VH 可行/VH 的/DE <b>计划/Na</b><br>,/COMMACATEGORY 努力/Nv<br>工作/Na ,/COMMACATEGORY<br>不要/D 辜负/VJ 叙利亚/Nc 人民/Na<br>寄予/VD 的/DE","ML"
"计划/Na/ZBN_CMN_20001020_wpr/7436",0.0631361195705529,-0.0263977999568999,"计划","ZBN","2000","是/SHI 中国/Na 发展/Na 新一代/A<br>导弹/Na 的/DE 5/Neu 年/Nf<br>“/PARENTHESISCATEGORY<br>战略/Na <b>计划/Na</b> ”/PARENTHESISCATEGORY<br>。/PERIODCATEGORY 六/Neu<br>库尔德/Nb 族/Na 偷渡客/Na 卡车/Na<br>内/Ncd 闷死/VHC 被/P","SG"
"计划/Na/XIN_CMN_20030415_wpr/50079",-0.025450578328786,-0.033347479694705,"计划","XIN","2003","返回/VCL 舱/Na 与/Caa 轨道舱/Na<br>成功/VH 分离/VC ,/COMMACATEGORY<br>返回/VCL 舱/Na 按/VC <b>计划/Na</b><br>返回/VCL 地面/Nc ,/COMMACATEGORY<br>轨道舱/Na 继续/VF 在/P 太空/Na<br>运行/VA ,/COMMACATEGORY<br>顺利/VH","ML"
"方案/Na/CNA_CMN_20030701_wpr/6565",0.00525585245310615,0.041239498700929,"方案","CNA","2003","执政党/Na 政府/Na 卯足/VC 全劲/Na<br>拼/VC 经济/Na ，/COMMACATEGORY<br>扩大公/Na 共/Nb 建设/Na <b>方案/Na</b><br>强力/VH 执行/VC ！/EXCLANATIONCATEGORY<br>经建会/Nc 副主委/Na 何美玥/Nb<br>说/VE ，/COMMACATEGORY<br>如果/Cbb 577亿/Neu","TW"
"方案/Na/CNA_CMN_20001030_wpr/43695",-0.0323869752719164,0.1126530564735,"方案","CNA","2000","。/PERIODCATEGORY 说帖/Na<br>强调/VE ,/COMMACATEGORY<br>七/Neu 年内/Na 即使/Cbb 没有/D<br>任何/Neqa 替代/VJ <b>方案/Na</b><br>,/COMMACATEGORY 台湾/Na<br>也/D 可以/VH 保有/VJ 和/Caa<br>目前/Nd 一样/VH 的/DE 供电/VA","TW"
"计划/Na/XIN_CMN_20010121_wpr/54192",0.0158703639430167,-0.017321108225466,"计划","XIN","2001","健康/VH 发展/Na 注入/VC 了/Di<br>强大/VH 的/DE 推动/Nv 力量/Na<br>。/PERIODCATEGORY 北京市/Nc<br><b>计划/Na</b> 5/Neu 年/Nf<br>基本/Na 完成/VC 危旧房/Na 改造/Na<br>新华社/Nc 北京/Nc 1月/Nd 21日电/Na","ML"
"方案/Na/XIN_CMN_20030406_wpr/14856",0.0371006524745204,-0.11370093826183,"方案","XIN","2003","动态/Na )/PARENTHESISCATEGORY<br>广州/Nc 悬赏/VC 30万/Neu 美元/Nf<br>征集/VC 南沙/Nc 港规/Na 划/VC<br><b>方案/Na</b> (/PARENTHESISCATEGORY<br>港澳台/Nc )/PARENTHESISCATEGORY<br>香港/Nc 六百/Neu 歌迷/Na 清明/VH<br>悼念/VJ 张国荣/Nb (/PARENTHESISCATEGORY","ML"
"计划/Na/ZBN_CMN_20030925_wpr/51860",0.0142131428460106,-0.0423776099132446,"计划","ZBN","2003","得到/Nv 合理/VH 的/DE 解决/Nv<br>。/PERIODCATEGORY ”/PARENTHESISCATEGORY<br>他/Nh 透露/VE ，/COMMACATEGORY<br>上海/Nc <b>计划/Na</b> 到/P<br>2005年/Nd ，/COMMACATEGORY<br>把/P 上海/Nc 中心/Nc 的/DE<br>地铁/Na 运行线/Na 从/P","SG"
"计划/Na/XIN_CMN_20030821_wpr/67903",0.0369697840254575,0.000951514032677739,"计划","XIN","2003",",/COMMACATEGORY 缓解/VJ<br>地区/Nc 紧张/VH 局势/Na ,/COMMACATEGORY<br>使/VL “/PARENTHESISCATEGORY<br>路线图/Na ”/PARENTHESISCATEGORY<br><b>计划/Na</b> 得以/D 实施/Nv<br>。/PERIODCATEGORY 另/Cbb<br>据/P 埃及/Nc 中东/Nc 通讯社/Nc<br>报道/Na ,/COMMACATEGORY","ML"
"计划/Na/XIN_CMN_20030808_wpr/44275",-0.0228638108791842,-0.0619076530957255,"计划","XIN","2003","居民/Na 宣传/Na 8月/Nd 份/Nf<br>在/P 热身赛/Na 期间/Na 的/DE<br>交通/Na 疏散/VC <b>计划/Na</b><br>,/COMMACATEGORY 并且/Cbb<br>随着/P 2004年/Nd 奥运会/Na<br>的/DE 日益/D 迫近/VCL ,/COMMACATEGORY<br>还/D","ML"
"计划/Na/CNA_CMN_20001207_wpr/16299",0.0939808939609219,0.113295704656245,"计划","CNA","2000","判处/VC 二十/Neu 年/Nf 徒刑/Na<br>,/COMMACATEGORY 原来/D<br>因/Cbb 莫/D 斯/Nep 科/Nf<br><b>计划/Na</b> 恢复/VHC 对/P<br>伊朗/Nc 军售/Na 而/Cbb 呈/VJ<br>冷淡/VH 的/DE 美俄/Nb 关系/Na","TW"
"方案/Na/ZBN_CMN_20030827_wpr/72859",0.0122378172452631,0.0488337404296577,"方案","ZBN","2003","人/Na 。/PERIODCATEGORY<br>美国/Nc 友邦/Nc 上/Nes 个/Nf<br>月底/Nd 开始/VH 分发/Nv 解决/Nv<br><b>方案/Na</b> 信件/Na 给/VD<br>大约/Da 3500/Neu 名/Nf 受/VJ<br>影响/Nv 的/DE 保户/Na 。/PERIODCATEGORY","SG"
"计划/Na/ZBN_CMN_20001027_wpr/25296",-0.01398604794148,-0.0124078005064229,"计划","ZBN","2000","演技/Na 这/Nep 回/Nf 是/SHI<br>过不了/VC 关/VC 的/DE 。/PERIODCATEGORY<br>友伴/Na 调解/VC <b>计划/Na</b><br>值得/VH 推广/VC 四/Neu 所/Nf<br>中学/Nc 明年/Nd 1月/Nd 将/D<br>一起/D 设立/VC","SG"
"计划/Na/CNA_CMN_20001124_wpr/78006",0.0105241006368851,0.05278985768578,"计划","CNA","2000","上演/VAC (/PARENTHESISCATEGORY<br>香港/Nc )/PARENTHESISCATEGORY<br>。/PERIODCATEGORY 南华早报/Nb<br>:/COLONCATEGORY 政府/Nc<br>放弃/VC 健保/Na <b>计划/Na</b><br>(/PARENTHESISCATEGORY<br>香港/Nc )/PARENTHESISCATEGORY<br>。/PERIODCATEGORY 文汇报/Nb<br>:/COLONCATEGORY 钱其琛/Nb<br>:/COLONCATEGORY 一中/Nd<br>务实/VH","TW"
"方案/Na/XIN_CMN_20030704_wpr/37013",-0.00773964182057917,-0.0718038713506281,"方案","XIN","2003","设计/VC 公司/Nc 。/PERIODCATEGORY<br>评审/VC 委员会/Nc 专家/Na 认为/VE<br>,/COMMACATEGORY 这些/Neqa<br>设计/Na <b>方案/Na</b> 风格/Na<br>多样/VH ,/COMMACATEGORY<br>各/Nes 具/Nf 特/D 色/Na ,/COMMACATEGORY<br>但/Cbb 共同点/Na","ML"
"计划/Na/ZBN_CMN_20001023_wpr/36049",0.000130788788201709,-0.427037149747982,"计划","ZBN","2000","环境/Na ，/COMMACATEGORY<br>再/D 加上/VC 有/V_2 关/VC<br>当局/Na 积极/VH 的/DE 栽培/Nv<br><b>计划/Na</b> ，/COMMACATEGORY<br>才/Da 比较/VC 可能/Na 一/Neu<br>圆/Nf 狮城/Nb 的/DE 奥运/Nb<br>奖牌/Na","SG"
"计划/Na/XIN_CMN_20030713_wpr/16023",0.0192724542009916,-0.0292091984558999,"计划","XIN","2003","协助/VC 香港/Nc 青年/Na 了解/VK<br>内地/Nc 就业/Nv 及/Caa 市场/Nc<br>情况/Na 的/DE <b>计划/Na</b><br>,/COMMACATEGORY 已/D 获得/VJ<br>特区/Nc 政府/Na “/PARENTHESISCATEGORY<br>专业/Na 服务/Na 发展/Na 资助/VC","ML"
"计划/Na/ZBN_CMN_20030713_wpr/35002",-0.0277054998732373,0.0135565000260851,"计划","ZBN","2003","爆出/VJ 商业/Na 丑闻/Na 的/DE<br>恩龙/Nb 公司/Nc ，/COMMACATEGORY<br>前天/Nd 提呈/VD 重组/VC <b>计划/Na</b><br>，/COMMACATEGORY 可能/D<br>只/Da 偿/VC 还/VD 债权人/Na<br>五/Neu 份/Nf 之/DE 一/Neu","SG"
"方案/Na/CNA_CMN_20010108_wpr/81597",0.0254689355960798,0.0536226044730227,"方案","CNA","2001","这/Nep 项/Nf 「/PARENTHESISCATEGORY<br>灾/Na 区/Nc 商圈/Nc 活化/A<br>及/Caa 重塑/VC 」/PARENTHESISCATEGORY<br><b>方案/Na</b> ,/COMMACATEGORY<br>行政院/Nc 九十/Neu 至/Caa 九十三年度/Nd<br>编/VC 列/Nf 特别/VH 预算/Na<br>支应/VC","TW"
"方案/Na/XIN_CMN_20010109_wpr/79563",-0.108859585054107,-0.067072517575415,"方案","XIN","2001","减轻/VHC 了/Di 房改/Na 对/Na<br>财政/Na 的/DE 压力/Na 。/PERIODCATEGORY<br>贵州/Nc 房改/Na <b>方案/Na</b><br>还/D 将/D 现有/VJ 公房/Nc 社会化/Nv<br>,/COMMACATEGORY 将/P 存量/Na<br>住房/Na 货币/Na","ML"
"计划/Na/ZBN_CMN_20010118_wpr/28052",-0.0337159392049527,-0.0616214091712199,"计划","ZBN","2001","和/Caa 科学/Na 研究/VC 中心/Nc<br>。/PERIODCATEGORY 金正日/Nb<br>预料/Nv 会/D 参观/VC 中国/Na<br><b>计划/Na</b> 发展成/VG 硅谷/Nc<br>的/DE 漳江/Nc 高科技园/Nc ，/COMMACATEGORY<br>以及/Cbb 它/Nh 的/DE 两/Neu","SG"
"计划/Na/XIN_CMN_20030607_wpr/12892",-0.303183540856339,0.272354365085002,"计划","XIN","2003","队/Na 还/D 没有/D 确定/VK 解散/VHC<br>的/DE 时间/Na ,/COMMACATEGORY<br>但/Cbb 集训/VC <b>计划/Na</b><br>已经/D 安/VC 排到/VC 15/Neu<br>日/Nf 。/PERIODCATEGORY<br>不过/Cbb ,/COMMACATEGORY<br>谢晖/Nb 已经/D","ML"
"计划/Na/XIN_CMN_20001231_wpr/12443",0.116093177537189,-0.121647631678543,"计划","XIN","2000","“/PARENTHESISCATEGORY<br>同/Nes 所/Nf 有的/Neqa 科学/Na<br>技术/Na 一样/VH ,/COMMACATEGORY<br>人类/Na 基因组/Nc <b>计划/Na</b><br>使/VL 人类/Na 面临/VK 新/VH<br>的/DE 风险/Na 与/Caa 挑战/Nv<br>。/PERIODCATEGORY 作为/Na","ML"
"计划/Na/XIN_CMN_20030715_wpr/57818",0.078633666559844,0.00994015129177031,"计划","XIN","2003","解决/VC 。/PERIODCATEGORY<br>他/Nh 认为/VE ,/COMMACATEGORY<br>中东/Nc 和平/Nc “/PARENTHESISCATEGORY<br>路线图/Na ”/PARENTHESISCATEGORY<br><b>计划/Na</b> 有别于/VJ 巴/Nc<br>以/P 先前/Nd 达成/VC 的/DE<br>奥斯陆/Nc 协议/Na 。/PERIODCATEGORY<br>他/Nh","ML"
"计划/Na/CNA_CMN_20001220_wpr/63803",-0.0296078905151697,-0.00219882802923813,"计划","CNA","2000","业务/Na ,/COMMACATEGORY<br>交由/VF 中国/Na 石油/Na 公司/Nc<br>接手/VC ,/COMMACATEGORY<br>中油/Nc 并/Cbb <b>计划/Na</b><br>斥资/VC 兴/Na 建/VC 油库/Na<br>,/COMMACATEGORY 为/VG<br>金门/Nc 经建/Na 发展/Na 和/Caa","TW"
"计划/Na/XIN_CMN_20030406_wpr/33734",0.0159376081570146,0.0192079593907472,"计划","XIN","2003","在/P 数日/Nd 内/Ng 宣布/VE<br>组建/VC 战后/Nd 伊拉克/Nc 政府/Nc<br>的/DE 初期/Nd <b>计划/Na</b><br>。/PERIODCATEGORY 埃及/Nc<br>外长/Na 马希尔/Nb 5日/Nd 强调/VE<br>,/COMMACATEGORY 只有/VJ<br>伊拉克人/Na 民/Na","ML"
"计划/Na/XIN_CMN_20001202_wpr/46747",-0.0244626417415601,-0.00699793020880926,"计划","XIN","2000","领导/Na 小组/Na 负责人/Na 刘豫川/Nb<br>介/VJ 绍/Nc ,/COMMACATEGORY<br>整/Neqa 个/Nf 工程/Na <b>计划/Na</b><br>明年/Nd 动工/VA ,/COMMACATEGORY<br>2003年/Nd 完工/Nv ,/COMMACATEGORY<br>总/D 投入/VC 为/P 5亿/Neu","ML"
"计划/Na/ZBN_CMN_20030906_wpr/101806",0.0989184942415197,-0.0086171690863031,"计划","ZBN","2003","并/D 提到/VC 身体/Na 康复/VH<br>后/Ng 的/DE 一些/Neqa 演/VC<br>出/VC 的/DE <b>计划/Na</b><br>，/COMMACATEGORY 对/P 未来/Nd<br>显示/VK 无比/VH 信心/Na 。/PERIODCATEGORY<br>众多/Nv 圈内/Nc 好友/Na","SG"
"计划/Na/XIN_CMN_20001218_wpr/58534",0.0217154783985717,0.120080393615023,"计划","XIN","2000","自/P 80年代/Nd 初/Ng 里根/Nb<br>政府/Na 以来/Ng 最/Dfa 大/VH<br>的/DE 减税/Nv <b>计划/Na</b><br>。/PERIODCATEGORY 布/Na<br>什/Nep 的/DE 经济/Na 顾问/Na<br>们/Na 认为/VE ,/COMMACATEGORY<br>大规模/D","ML"
"计划/Na/ZBN_CMN_20001201_wpr/23164",0.00694334251870064,-0.0390877208280406,"计划","ZBN","2000","它/Nh 通过/VC 教育/Na 、/PAUSECATEGORY<br>技能/Na 训练/Na 和/Caa 复健/Nv<br>等/Cab 策略性/Na <b>计划/Na</b><br>，/COMMACATEGORY 实际/VH<br>地/DE 培养/VC 他们/Nh 的/DE<br>生活/Na 能力/Na 。/PERIODCATEGORY<br>它/Nh","SG"
"计划/Na/ZBN_CMN_20030701_wpr/23132",-0.105180990992034,-0.082632831535984,"计划","ZBN","2003","广场/Nc 还/D 在/P 翻新/VC 其他/Neqa<br>楼层/Na 的/DE 厕所/Nc ，/COMMACATEGORY<br>并/Cbb <b>计划/Na</b> 在/P<br>工程/Na 结束/Nv 后/Ng 全/Nb<br>都/D 申请/VC 成为/VG 星级/Na<br>厕所/Nc","SG"
"计划/Na/XIN_CMN_20030624_wpr/64113",0.0537454504769394,0.00571531101040744,"计划","XIN","2003",")/PARENTHESISCATEGORY<br>美/Nv 高官/Na 称/VG 美国/Na<br>决心/Na 推动/VC “/PARENTHESISCATEGORY<br>路线图/Na ”/PARENTHESISCATEGORY<br><b>计划/Na</b> (/PARENTHESISCATEGORY<br>国际/Nc )/PARENTHESISCATEGORY<br>德国/Na 外长/Na 呼吁/VE 中东/Nc<br>问题/Na 有关/P 四方/Ncd","ML"
"计划/Na/XIN_CMN_20001201_wpr/66081",-0.0288023672012275,-0.0196980786893743,"计划","XIN","2000","累计/VJ 完成/VC 城镇/Nc 建房/Nc<br>投资/VC 15.77/Neu 亿/Neu<br>元/Nf ,/COMMACATEGORY<br>占/VJ <b>计划/Na</b> 的/DE<br>95.69/Neu %/Nf ,/COMMACATEGORY<br>完成/VC 建房/Nc 面积/Na 387.03/Neu<br>万/Neu 平方米/Nf","ML"
"计划/Na/XIN_CMN_20030622_wpr/53087",0.00383687512333168,-0.0183469017765671,"计划","XIN","2003","及/Caa 研究生/Na 时/Ng 优/VH<br>先/D 录用/VC 等/Cab 。/PERIODCATEGORY<br>这/Nep 项/Nf <b>计划/Na</b><br>刚/D 一/D 推出/VC ,/COMMACATEGORY<br>求贤若渴/VH 的/DE 西部/Ncd 地区/Nc<br>立即/D 申报/VC","ML"
"方案/Na/CNA_CMN_20030613_wpr/11721",-0.00040574031279026,-0.00174167355957351,"方案","CNA","2003","扩大/VC 内需/Na 方案/Na 、/PAUSECATEGORY<br>二百亿/Neu 元/Nf 公共/A 服务/Na<br>扩大/VC 就业/Nv <b>方案/Na</b><br>，/COMMACATEGORY 以/P 及/Caa<br>五百亿/Neu 元/Nf SARS/FW<br>特别/VH 预算/Na 等/Cab 共/Da","TW"
"方案/Na/CNA_CMN_20001212_wpr/158984",0.0210736234548624,0.0691651171489214,"方案","CNA","2000","行政/Na 院/Nc 要/D 每/Nes<br>三/Neu 个/Nf 月/Na 检讨/VC<br>失业/VH 救济/VC <b>方案/Na</b><br>。/PERIODCATEGORY 行政院/Nc<br>秘书长/Na 邱义仁/Nb 于/P 今天/Nd<br>晚间/Nd 十时/Nd 三十/Neu 分/Nf","TW"
"方案/Na/XIN_CMN_20001202_wpr/9087",0.0117858994721223,0.00748046126397311,"方案","XIN","2000","方/Nf 的/DE 利益/VC 。/PERIODCATEGORY<br>但/Cbb 目前/Nd 董事会/Na 通过/VC<br>的/DE 重组/Nv <b>方案/Na</b><br>最终/D 能否/D 实施/Nv ,/COMMACATEGORY<br>还要/Dfa 由/P 以后/Nd 的/DE<br>股东/Na 大会/Na","ML"
"计划/Na/ZBN_CMN_20030709_wpr/30158",0.00600871863713665,0.0056453907972068,"计划","ZBN","2003","六/Neu 个/Nf 内/Ng 地/DE<br>机场/Nc 深入/VH 研究/VC 它们/Nh<br>的/DE 扩建/Nv <b>计划/Na</b><br>是否/D 可行/VH ，/COMMACATEGORY<br>以及/Cbb 展开/VC 总/A 规划/Na<br>工作/VA 。/PERIODCATEGORY<br>有关/VJ","SG"
"计划/Na/XIN_CMN_20030522_wpr/65688",-0.0783252410404943,-0.077094946546805,"计划","XIN","2003","民/Na 工/Na )/PARENTHESISCATEGORY<br>、/PAUSECATEGORY 材料/Na<br>以及/Caa 施工/Nv 机械/Na 不能/D<br>按/VC <b>计划/Na</b> 进场/Nv<br>;/SEMICOLONCATEGORY 另一方面/Cbb<br>由于/Cbb 人员/Na 流动/VA 减少/Nv<br>和/Caa 一定/A 限制/Na","ML"
"计划/Na/ZBN_CMN_20030404_wpr/68131",-0.0691196084284802,-0.0176287893901865,"计划","ZBN","2003","工作/VA 的/DE 员工/Na ，/COMMACATEGORY<br>每/Nes 年/Nf 都/D 可/D 在/P<br>医药/Na <b>计划/Na</b> 下/Ng<br>获得/VJ 850/Neu 元/Nf 的/DE<br>医药/Na 津贴/Na 。/PERIODCATEGORY<br>员工/Na 可以/VH","SG"
"计划/Na/XIN_CMN_20001128_wpr/24763",0.015984769520984,0.000350544235162237,"计划","XIN","2000","关于/P 制定/VC 国民经济/Na 和/P<br>社会/Na 发展/VC 第十/Neu 个/Nf<br>五/Neu 年/Nf <b>计划/Na</b><br>的/DE 建议/VC 》/PARENTHESISCATEGORY<br>是/SHI 指导/VC 今后/Nd 一/Neu<br>个/Nf 时期/Na 我国/Nc","ML"
"计划/Na/XIN_CMN_20030611_wpr/36931",0.0553162904605232,0.14647870772138,"计划","XIN","2003","工作/Na ,/COMMACATEGORY<br>并/Cbb 与/P 中国/Nc 卫生部门/Na<br>商讨/VE 未/D 来/VA 工作/Na<br><b>计划/Na</b> 。/PERIODCATEGORY<br>卫生部/Nc 常务/A 副部长/Na 高强/VH<br>会见/VC 了/Di 专家组/Nc 一行/Nb<br>,/COMMACATEGORY","ML"
"计划/Na/XIN_CMN_20010109_wpr/35504",0.0266172576122135,-0.148928327097602,"计划","XIN","2001","约/Da 2.8/Neu 万/Neu 人次/Na<br>。/PERIODCATEGORY 公/A<br>交/VC 长途/Na 客运/Na 比/P<br><b>计划/Na</b> 多/VH 运/VC<br>客/Na 15/Neu %/Nf 。/PERIODCATEGORY<br>上海市/Nc 长途/Na 汽车/Na 客运/Na","ML"
"计划/Na/XIN_CMN_20030614_wpr/8666",0.0877110408851142,-0.0955722193421258,"计划","XIN","2003",",/COMMACATEGORY U-23/*CATEGORY<br>国家队/Na 教练组/Nc 及时/D 布置/VC<br>调整/VC 了/Di 训/VC 练/VC<br><b>计划/Na</b> ,/COMMACATEGORY<br>在/P 训练/Na 中/Ng ,/COMMACATEGORY<br>不/D 定期/D 地/DE 为/VG 队员/Na","ML"
"计划/Na/ZBN_CMN_20030422_wpr/58906",0.017116435067244,-0.0263339792794851,"计划","ZBN","2003","服务/Na 计划/Na ，/COMMACATEGORY<br>另外/Da 三成/Neqa 则/D 提供/VC<br>一般/VH 的/DE 服务/Na <b>计划/Na</b><br>；/SEMICOLONCATEGORY 其余/Neqa<br>的/DE 50％/Neqa ，/COMMACATEGORY<br>所/D 提供/VC 的/DE 都/D 是/SHI","SG"
"计划/Na/CNA_CMN_20001213_wpr/31047",-0.0588060936263131,0.0734412128068929,"计划","CNA","2000","厂商/Na 解决/VC 问题/Na ,/COMMACATEGORY<br>台湾区/Nc 电机/Na 电子/Na 工业/Na<br>同业/Na 公会/Nc <b>计划/Na</b><br>居中/VH 为/P 大陆/Nc 台商/Na<br>引介/VC 当地人/Na 才/Da ,/COMMACATEGORY<br>公会/Nc 明年/Nd","TW"
"计划/Na/XIN_CMN_20030604_wpr/26615",0.104745173544273,-0.0142823613247969,"计划","XIN","2003","同样/Dfa 坦率/VH 和/Caa 明确/VH<br>的/DE 态度/Na 对待/VC “/PARENTHESISCATEGORY<br>路线图/Na ”/PARENTHESISCATEGORY<br><b>计划/Na</b> 。/PERIODCATEGORY<br>他/Nh 说/VE ,/COMMACATEGORY<br>巴勒斯坦/Nc 希望/Na 美国/Na 发挥/Na<br>积极/VH 作用/Na","ML"
"计划/Na/XIN_CMN_20010108_wpr/23272",0.0438705638854125,-0.0248352070660808,"计划","XIN","2001","作为/Na 面向/Na 农村/Nc 群众/Na<br>的/DE 卫生/Na 科普/Na 读物/Na<br>,/COMMACATEGORY 出版/Nv<br><b>计划/Na</b> 列入/VJ 了/Di<br>国家/Na “/PARENTHESISCATEGORY<br>十五/Neu ”/PARENTHESISCATEGORY<br>图书/Na 出版/Nv 规划/Na 。/PERIODCATEGORY","ML"
"计划/Na/CNA_CMN_20010124_wpr/8365",0.00853691909723674,0.00313075009220504,"计划","CNA","2001","他们/Nh 选择/Na 的/DE 公立/A<br>学校/Nc ,/COMMACATEGORY<br>可/D 适用/Nv 项/Nf 保証人/Na<br><b>计划/Na</b> 。/PERIODCATEGORY<br>民主党/Nb 反对/VE 这/Nep 项/Nf<br>保証人/Na 计划/Na 。/PERIODCATEGORY<br>民主党/Nb 说/VE","TW"
"计划/Na/XIN_CMN_20001229_wpr/41946",0.0503904329927794,-0.0102408635912132,"计划","XIN","2000","29日电/Na (/PARENTHESISCATEGORY<br>记者/Na 谭旭/Nb )/PARENTHESISCATEGORY<br>从/P 《/PARENTHESISCATEGORY<br>全民/Na 健/VH 身/Na <b>计划/Na</b><br>纲要/Na 》/PARENTHESISCATEGORY<br>开始/VH 实施/Nv 至今/D 的/DE<br>5/Neu 年/Nf 中/Ng ,/COMMACATEGORY","ML"
"计划/Na/CNA_CMN_20030708_wpr/8922",0.0813805911199195,-0.114383558492393,"计划","CNA","2003","的/DE 就是/SHI 一/Neu 百五十亿/Neu<br>美元/Nf 的/DE 防治/Nv 爱滋病/Na<br>五/Neu 年/Nf <b>计划/Na</b><br>，/COMMACATEGORY 将/D 协助/VC<br>世界/Nc 上/Ncd 受/VJ 爱滋病/Na<br>蹂躏/VC 最/Dfa 严重/VH","TW"
"计划/Na/ZBN_CMN_20030710_wpr/28888",-0.0990026938601644,0.0152272203413086,"计划","ZBN","2003","包括/VK 总值/Na 15亿/Neu 新元/Nb<br>的/DE 良木园/Nc 酒店/Nc oodwoodPark/FW<br>）/PARENTHESISCATEGORY<br>私有化/Nv <b>计划/Na</b> 、/PAUSECATEGORY<br>黄鸿年/Nb 收购/VC 大众/Nh 钢铁/Na<br>股票/Na 的/DE 2亿/Neu 新元/Nb<br>交易/Na","SG"
"计划/Na/ZBN_CMN_20030916_wpr/77510",0.0207923088817088,-0.0216852311870545,"计划","ZBN","2003","。/PERIODCATEGORY 无论如何/Dk<br>，/COMMACATEGORY 我们/Nh<br>会/D 分/VC 阶段/Na 发/VD 展/VC<br>有关/P <b>计划/Na</b> 。/PERIODCATEGORY<br>”/PARENTHESISCATEGORY<br>集团/Na 已/D 设立/VC 由/P 国防部/Nc<br>国防/Na 科学/Na 总长/Na","SG"
"计划/Na/CNA_CMN_20001018_wpr/138900",0.0205858233371098,-0.000718782425326742,"计划","CNA","2000","制定/VC 国民/Na 经济/Na 和/Caa<br>社会/Na 发展/Na 第十/Neu 个/Nf<br>五/Neu 年/Nf <b>计划/Na</b><br>的/DE 建议/VC 」/PARENTHESISCATEGORY<br>指出/VE ,/COMMACATEGORY<br>未来/Nd 五/Neu 年/Nf 必须/VH<br>提高/Nv","TW"
"方案/Na/ZBN_CMN_20030821_wpr/56527",0.0174626748695123,0.0463226244283708,"方案","ZBN","2003","民进党/Nb 急/D 独/VH 分子/Na<br>蔡同荣/Nb 此/Nep 次/Nf 提交/VD<br>的/DE 公投/Na <b>方案/Na</b><br>版本/Na 中/Ng ，/COMMACATEGORY<br>包括/VK 了/Di 台湾国/Nc 旗/Na<br>国歌/Na 国号/Na 以及/Caa","SG"
"计划/Na/CNA_CMN_20010110_wpr/87693",0.0570126745463376,0.0402176330342315,"计划","CNA","2001","年/Nf 的/DE 交流/Nv 成果/Na<br>,/COMMACATEGORY 同时/Nd<br>提出/VC 新/VH 的/DE 交流/Nv<br><b>计划/Na</b> ,/COMMACATEGORY<br>让/VL 城市/Na 交流/VH 能/D<br>有/V_2 延续性/Na ,/COMMACATEGORY<br>并/Cbb 不断/VH","TW"
"计划/Na/ZBN_CMN_20001217_wpr/30086",0.0357651056831845,-0.00210752851972984,"计划","ZBN","2000","这/Nep 个/Nf 多/Neqa 元种/Na<br>族/Na 社会/Na 的/DE 发展/Na<br>提出/VC 长远/VH <b>计划/Na</b><br>，/COMMACATEGORY 这/Nep<br>包括/VK 促进/Nv 马来族/Na 与/Caa<br>回教徒/Na 社群/Na 的/DE 终/D","SG"
"计划/Na/XIN_CMN_20001013_wpr/22587",0.0482557472438573,0.0116012416525686,"计划","XIN","2000","上/Ncd 签署/VC 了/Di 有关/P<br>禁/VC 毒/VH 合作/VH 的/DE<br>联合/Nv 行动/Na <b>计划/Na</b><br>,/COMMACATEGORY 以/P 加强/VC<br>双方/Nh 的/DE 禁毒/Na 合作/VH<br>,/COMMACATEGORY 并/Cbb<br>通过/P","ML"
"计划/Na/CNA_CMN_20001012_wpr/39604",0.0550600215422165,0.0240540975460467,"计划","CNA","2000","四十/Neu 五/Neu 分钟/Nf ,/COMMACATEGORY<br>讨论/Na 从/P 美国/Na 对/P 北韩/Nc<br>飞弹/Na <b>计划/Na</b> 的/DE<br>立场/Na 到/VCL 北韩/Nc 被/P<br>指/VG 支持/Nv 恐怖/Nv 行动/Na<br>等/Cab","TW"
"方案/Na/XIN_CMN_20001126_wpr/30768",0.0464536951763525,0.0910624469019861,"方案","XIN","2000","温室/Nc 气体/Na 的/DE 排放/VC<br>。/PERIODCATEGORY 大会/Na<br>主席/Na 曾/D 提出/VC 折衷/VC<br><b>方案/Na</b> ,/COMMACATEGORY<br>但/Cbb 受到/VJ 与会/VA 各/Nes<br>方/Nf 的/DE 反对/Nv 。/PERIODCATEGORY<br>普龙克/Nb","ML"
"方案/Na/CNA_CMN_20001228_wpr/17568",-0.00857443252657305,-0.00138355087330272,"方案","CNA","2000","意见/Na 外/Ng ,/COMMACATEGORY<br>也/D 向/P 地方/Na 推销/VC 永续/VH<br>就业/Nv 工程/Na <b>方案/Na</b><br>。/PERIODCATEGORY 她/Nh<br>指出/VE ,/COMMACATEGORY<br>劳委会/Nc 已/D 动用/VC 就业/Nv<br>安定/Nv 基金/Na","TW"
"计划/Na/XIN_CMN_20030527_wpr/55946",0.065420336705042,0.0136161077727424,"计划","XIN","2003","美国/Na 和/Caa 俄罗斯/Nc 四方/Ncd<br>共同/D 拟订/VC 的/DE “/PARENTHESISCATEGORY<br>路线图/Na ”/PARENTHESISCATEGORY<br><b>计划/Na</b> 。/PERIODCATEGORY<br>巴勒斯坦/Nc 民族权/Na 力/Na 机构/Na<br>已/D 在/P 上/Ncd 月底/Nd 宣布/VE","ML"
"计划/Na/ZBN_CMN_20030510_wpr/37887",-0.0193626919881715,0.0203596613402658,"计划","ZBN","2003","在/P 4/Neu 个/Nf 月/Na 内/Ncd<br>逐步/D 取消/VC 石油/Na 换取/VC<br>粮食/Na <b>计划/Na</b> 。/PERIODCATEGORY<br>不过/Cbb ，/COMMACATEGORY<br>美国/Nc 的/DE 想法/Na 跟/P<br>安理会/Nc 数/Neu 个/Nf","SG"
"方案/Na/CNA_CMN_20001114_wpr/101135",0.0633424813369229,0.0291645994943336,"方案","CNA","2000",",/COMMACATEGORY 他/Nh<br>早/D 就/D 料到/VE ,/COMMACATEGORY<br>在/P 推行/VC 其/Nep 中心/Nc<br><b>方案/Na</b> ,/COMMACATEGORY<br>以/P 维持/VJ 和平/Nc 与/Caa<br>秩序/Na ,/COMMACATEGORY<br>保証/Na 粮食/Na 自足/VH","TW"
"计划/Na/ZBN_CMN_20030713_wpr/24965",0.0270377924685345,0.101050179040215,"计划","ZBN","2003","付/VD 这/Nep 笔/Nf 费用/Na<br>，/COMMACATEGORY 建/VC<br>屋局/Nc 设有/VJ 财务/Na 援助/Na<br><b>计划/Na</b> 来/D 协助/VC<br>他们/Nh 。/PERIODCATEGORY<br>吴/Nb 作栋/Nb 总理/Na ：/COLONCATEGORY<br>允许/VE 玩/VC","SG"
"方案/Na/CNA_CMN_20010123_wpr/30967",-0.0634654603056964,0.00896389713614305,"方案","CNA","2001","一律/D 适用/Nv 减价/Nv 时段/Na<br>费率/Na ,/COMMACATEGORY<br>如果/Cbb 你/Nh 选择/Na 的/DE<br><b>方案/Na</b> 有/V_2 减价/VH<br>资费/Na ,/COMMACATEGORY<br>新年/Nd 期间/Na 打电话/VB 拜年/VB<br>大/VH 约/Da","TW"
"计划/Na/ZBN_CMN_20030404_wpr/67693",-0.0513376814386607,0.000212640479791381,"计划","ZBN","2003","雇员/Na 本身/Nh 。/PERIODCATEGORY<br>为了/P 让/VL 更多/VH 雇员/Na<br>从/P 这/Nep 个/Nf <b>计划/Na</b><br>受益/VH ，/COMMACATEGORY<br>港务/Na 集团/Na 定时/D 同/P<br>保险/Na 公司/Nc 合作/VH ，/COMMACATEGORY","SG"
"计划/Na/XIN_CMN_20001225_wpr/48031",0.0187067207154066,-0.0143416373626434,"计划","XIN","2000","参与/VC 中国/Na 的/DE 基/Na<br>础/b 研究/VC 计划/Na 和/Caa<br>高技术/Na 研究/VC <b>计划/Na</b><br>。/PERIODCATEGORY 我国/Nc<br>将/D 积极/VH 支持/Nv 可/D 持续/VL<br>发/VC 展/VC 领域/Na","ML"
"方案/Na/XIN_CMN_20030705_wpr/14831",0.00766025164658958,0.0259791088497435,"方案","XIN","2003","平衡/VHC ,/COMMACATEGORY<br>政府/Nc 需要/Na 审慎/VH 研究/VC<br>,/COMMACATEGORY 拿出/VC<br>稳妥/VH 的/DE <b>方案/Na</b><br>。/PERIODCATEGORY 社/Nc<br>评/VC 认为/Nv ,/COMMACATEGORY<br>大部分/Neqa 参加/VC “/PARENTHESISCATEGORY<br>七一/Neu 游行/Nv","ML"
"计划/Na/ZBN_CMN_20030911_wpr/30258",-0.121591732608193,0.00864324104033397,"计划","ZBN","2003","接触/VC ，/COMMACATEGORY<br>我们/Nh 只/Da 决定/VE 主理/Na<br>金界/Nc 控股/VA 的/DE 售股/Na<br><b>计划/Na</b> ，/COMMACATEGORY<br>因为/Cbb 这会/Nd 是/SHI 个/Nf<br>投资/Na 机构/Na 感/VK 兴趣/Na<br>的/DE","SG"
"计划/Na/XIN_CMN_20030618_wpr/52100",0.000537002819303543,0.03311500008125,"计划","XIN","2003","执行/VC 任务/Na 。/PERIODCATEGORY<br>该/Nes 局/Nf 负责/VL 航天飞机/Na<br>和/P 空间/Na 站/VA <b>计划/Na</b><br>的/DE 官员/Na 科斯捷利/Nb 尼克/Nb<br>说/VE ,/COMMACATEGORY<br>这/Nep 将/D 是/SHI 美/VH","ML"
"方案/Na/XIN_CMN_20010109_wpr/66161",0.0610292681563796,0.0365721493657574,"方案","XIN","2001","这/Nep 个/Nf 建议/VC 上/Ng<br>的/DE 分歧/Nv 。/PERIODCATEGORY<br>美国/Nc 的/DE 和平/Nv <b>方案/Na</b><br>是/SHI 克林顿/Nb 在/P 去年/Nd<br>12月/Nd 23日/Nd 会见/VC 巴/Nc<br>以/P 和谈/Nv","ML"
"计划/Na/ZBN_CMN_20001217_wpr/32279",0.0262837944435027,-0.0157510766537726,"计划","ZBN","2000","了/Di 我国/Nc 的/DE 青年/Na<br>发展/Na 计划/Na 后/Ng ，/COMMACATEGORY<br>发现/VE 各/Nes <b>计划/Na</b><br>之间/Ng 没有/D 任何/Neqa 协/VH<br>调/VCL ，/COMMACATEGORY<br>使/VL 小/VH 球员/Na 们/Na","SG"
"计划/Na/XIN_CMN_20001030_wpr/10997",0.00350170624241506,0.0230672441995814,"计划","XIN","2000","隔日/D 到/P 帐/Na 的/DE 水平/Na<br>。/PERIODCATEGORY 据/P<br>了解/VK ,/COMMACATEGORY<br>根据/VJ <b>计划/Na</b> ,/COMMACATEGORY<br>第一/Neu 阶段/Na 将/D 首先/D<br>开通/VH 上海/Na 与/Caa 国家/Na<br>外汇/Na","ML"
"计划/Na/ZBN_CMN_20001028_wpr/9330",0.00740800633813372,1.60545457632586e-05,"计划","ZBN","2000","计划/Na 提早/VL 到/P 2011年/Nd<br>之前/Ng 。/PERIODCATEGORY<br>这/Nep 项/Nf 长期/Na 探测/VC<br><b>计划/Na</b> 的/DE 目的/Na<br>是/SHI 要/D 搜寻/VC 火星/Na<br>的/DE 新旧/Na 生命/Na 。/PERIODCATEGORY","SG"
"计划/Na/ZBN_CMN_20010110_wpr/30695",-0.0215150525639317,0.00184688956986132,"计划","ZBN","2001","他/Nh 说/VE ：/COLONCATEGORY<br>“/PARENTHESISCATEGORY<br>公/A 司/Nb 还/D 未/D 为/VG<br>上市/VH <b>计划/Na</b> 订下/VC<br>时间表/Na 。/PERIODCATEGORY<br>我们/Nh 的/DE 想法/Na 是/SHI<br>在/P 上市/VH 前/Ng","SG"
"计划/Na/ZBN_CMN_20030829_wpr/35383",0.056664424965663,-0.0483562203673899,"计划","ZBN","2003","他/Nh 本/Nes 星期四/Nd 在/P<br>国会/Nc 上/Ncd 宣布/VE 公积金/Na<br>制度/Na 调整/VC <b>计划/Na</b><br>时/Ng ，/COMMACATEGORY<br>必/D 将/D “/PARENTHESISCATEGORY<br>雪中送炭/VA ”/PARENTHESISCATEGORY<br>，/COMMACATEGORY 同时/Nd<br>宣布/VE","SG"
"计划/Na/ZBN_CMN_20030807_wpr/67574",-0.165767867500245,0.0381379546332669,"计划","ZBN","2003","，/COMMACATEGORY 反而/Cbb<br>会/D 下降/VA ，/COMMACATEGORY<br>因此/Cbb 反/VC 对/P 主要/D<br>翻新/VC <b>计划/Na</b> 。/PERIODCATEGORY<br>对于/P 最近/Nd 发生/VJ 的/DE<br>翻新/Nv 工程/Na 中途/Nc 停工/VH<br>的/DE","SG"
"计划/Na/XIN_CMN_20030605_wpr/24590",0.0158720524454547,-0.0397079653975396,"计划","XIN","2003","经贸/Na 洽谈/Nv 活动/Na 。/PERIODCATEGORY<br>同时/Nd ,/COMMACATEGORY<br>广东省/Na 也/D 决定/VE 按/P<br><b>计划/Na</b> 于/P 今年/Nd<br>举行/VC “/PARENTHESISCATEGORY<br>东莞/Nb 国际/Nc 超市/Nc 博览会/Na<br>”/PARENTHESISCATEGORY<br>、/PAUSECATEGORY","ML"
"方案/Na/XIN_CMN_20030618_wpr/61380",-0.00239515929723807,-0.014419946852026,"方案","XIN","2003","、/PAUSECATEGORY 工程/Na<br>施工/VA 到/P 后期/Nd 物业管理/Na<br>的/DE 全程/D 干预/VC 可行性/Na<br><b>方案/Na</b> 。/PERIODCATEGORY<br>按照/VJ 计划/Na ,/COMMACATEGORY<br>安亭/Nc 新镇/Nc 开工/VH 建设/Na<br>之前/Ng ,/COMMACATEGORY","ML"
"方案/Na/CNA_CMN_20001027_wpr/82019",0.000328539577710411,0.0777820727288483,"方案","CNA","2000","遇到/VC 很/Dfa 大/VH 的/DE<br>挫折/VC ,/COMMACATEGORY<br>这会/Nd 反映/Nv 在/P 替代/VJ<br><b>方案/Na</b> 能否/D 成功/VH<br>,/COMMACATEGORY 而/Cbb<br>日/Nc 前/Nes 经建会/Nc 主委/Na<br>陈博志/Nb 日前/Nd","TW"
"计划/Na/CNA_CMN_20010126_wpr/9542",0.0203662947853405,0.102612647498268,"计划","CNA","2001",",/COMMACATEGORY 拒绝/VF<br>评论/VC 布希/Nb 总统/Na 所/D<br>提出/VC 的/DE 大幅/D 减税/VA<br><b>计划/Na</b> ,/COMMACATEGORY<br>因为/Cbb 葛林斯潘/Nb 形容/Na<br>那/Nep 是/SHI 「/PARENTHESISCATEGORY<br>政治/Na 决定/Na 」/PARENTHESISCATEGORY","TW"
"计划/Na/XIN_CMN_20030507_wpr/48",0.112728643225208,0.0606313918185876,"计划","XIN","2003","万方/D 随着/P 伊拉克/Nc 战事/Na<br>的/DE 平息/VC ,/COMMACATEGORY<br>伊拉克/Nc 战后/Nd 重建/VC <b>计划/Na</b><br>已/D 露出/VC 轮廓/Na 。/PERIODCATEGORY<br>波兰国/Nc 防/VC 部长/Na 什马伊津斯基/Nb<br>在/P 出访/VC","ML"
"计划/Na/XIN_CMN_20001017_wpr/58320",0.0206537350308551,0.00843593987183438,"计划","XIN","2000","地区/Nc ,/COMMACATEGORY<br>该/Nes 机构/Na 在/P 整/VC<br>个/Nf 非洲/Nc 实施/Nv 根除/VC<br><b>计划/Na</b> 进展/Nv 顺利/VH<br>。/PERIODCATEGORY 中国/Nc<br>代表/Na 谈/VE 核/Na 裁军/Nv<br>应当/D 遵守/VJ","ML"
"计划/Na/XIN_CMN_20030614_wpr/32241",0.0449992401509272,-0.0091161980718672,"计划","XIN","2003","世/Na 行将/D 帮助/Na 阿/Nc<br>政府/Na 实施/Nv 深化/Nv 改革/VC<br>三/Neu 年/Nf <b>计划/Na</b><br>新华社/Nc 阿尔及尔/Nc 6月/Nd<br>14日/Nd 电/Na (/PARENTHESISCATEGORY<br>记者/Na 徐东华/Nb )/PARENTHESISCATEGORY<br>据/P","ML"
"计划/Na/CNA_CMN_20001201_wpr/67848",-0.00463678811037377,-0.011291398821244,"计划","CNA","2000",",/COMMACATEGORY 曾/D 通过/VC<br>被/P 誉为/VG 全球/Nc 首创/VC<br>的/DE 污水/Na 排放/VC <b>计划/Na</b><br>,/COMMACATEGORY 计划/Na<br>中/Ng 包括/VK 兴建/VC 一/Neu<br>条/Nf 长达/VJ 十七/Neu 公里/Nf","TW"
"计划/Na/ZBN_CMN_20030523_wpr/10911",-0.0681016280193958,0.0260093566391778,"计划","ZBN","2003","（/PARENTHESISCATEGORY<br>谭小环/Nb 饰/VC ）/PARENTHESISCATEGORY<br>设下/VC 一/Neu 套/Nf 谋才/Nb<br>害命/VH 的/DE <b>计划/Na</b><br>。/PERIODCATEGORY 计划/Na<br>落空/VH 后/Ng ，/COMMACATEGORY<br>他/Nh 是否/D 迫不得已/VH 将/P<br>文/Na","SG"
"计划/Na/CNA_CMN_20001224_wpr/4160",-0.113233174426154,-0.0674096941369833,"计划","CNA","2000","公司/Nc 九月/Nd 间/Ng 将/D<br>投资/VC 土耳其/Nc 一亿五/Neu<br>千万/Neu 美元/Nf 的/DE <b>计划/Na</b><br>改/VC 在/P 捷克/Nc ,/COMMACATEGORY<br>随后/Nd ,/COMMACATEGORY<br>倍/Na 耐力/Na 轮胎/Na 公司/Nc","TW"
"计划/Na/XIN_CMN_20030525_wpr/52981",0.104022509528775,-0.127368974115699,"计划","XIN","2003",",/COMMACATEGORY 华北/Nc<br>北部/Ncd 和/P 东北/Ncd 西部/Ncd<br>也/D 都/D 把/P 造林/Nv <b>计划/Na</b><br>向/P 沙区/Nb 倾斜/VH 。/PERIODCATEGORY<br>(/PARENTHESISCATEGORY<br>体育/Na )/PARENTHESISCATEGORY<br>述评/VE :/COLONCATEGORY<br>球/Na","ML"
"计划/Na/CNA_CMN_20001213_wpr/81387",-0.14446340583901,-0.0210722132755948,"计划","CNA","2000","昨天/Nd 对/P 报导/Na 所/D 说/VE<br>它/Nh 准备/VC 为/P 此/Nep<br>一/Neu <b>计划/Na</b> 给予/VD<br>中共/Nb 四亿五千万/Neu 美元/Nf<br>贷款/Na 一/Neu 事/Na ,/COMMACATEGORY<br>淡化/VHC 处理/VC","TW"
"计划/Na/CNA_CMN_20030403_wpr/13677",0.114693295085937,0.0011732266156284,"计划","CNA","2003","同意/VK 美军/Na 进驻/VCL ，/COMMACATEGORY<br>迫使/VL 美军/Na 临/VCL 时/Ng<br>改变/VC 作战/Nv <b>计划/Na</b><br>，/COMMACATEGORY 原/D 已/D<br>进驻/VCL 土耳其/Nc 的/DE 三千五百/Neu<br>名/Nf 后勤部队/Na ，/COMMACATEGORY","TW"
"计划/Na/XIN_CMN_20001109_wpr/21073",0.0627752178548864,-0.017506783145149,"计划","XIN","2000","日前/Nd ,/COMMACATEGORY<br>记者/Na 从/P 柴达木盆地/Nc 所在/Na<br>的/DE 海西州/Nb 经济/Na 发展/Na<br><b>计划/Na</b> 委员会/Nc 了解/VK<br>到/VCL ,/COMMACATEGORY<br>新/VH 西兰/Nb 锂/Na 业/Na<br>有限公司/Nc 与/T","ML"
"计划/Na/XIN_CMN_20001110_wpr/30522",-0.0696851472240932,-0.0648735931250091,"计划","XIN","2000","接受/VC 本/Nes 社/Nc 记者/Na<br>采访/VC 时/Ng 介绍/Na ,/COMMACATEGORY<br>第三/Neu 阶段/Na <b>计划/Na</b><br>为期/VH 3/Neu 年/Nf ,/COMMACATEGORY<br>总投资/Na 为/VG 340万/Neu<br>美元/Nf 。/PERIODCATEGORY<br>在/P","ML"
"计划/Na/ZBN_CMN_20030810_wpr/3422",0.112584852443404,-0.0319241388904358,"计划","ZBN","2003","城镇/Nc 逮捕/Nv 大/VH 批/Nf<br>回祈团/Na 分子/Na ，/COMMACATEGORY<br>他们/Nh 承认/VE 有/V_2 <b>计划/Na</b><br>要/D 攻击/VC 雅加达/Nc 多/VH<br>个/Nf 目标/Na 。/PERIODCATEGORY<br>据报/Dk 道/VE ，/COMMACATEGORY","SG"
"计划/Na/ZBN_CMN_20030803_wpr/42426",0.0591472058696172,0.0480890420540972,"计划","ZBN","2003","显示/Nv ，/COMMACATEGORY<br>他们/Nh 将/D 在/P 会谈/Nv 期间/Na<br>冻结/Nv 核武/Na 发展/Na <b>计划/Na</b><br>。/PERIODCATEGORY 但/Cbb<br>有/V_2 一/Neu 种/Nf 看法/Na<br>，/COMMACATEGORY 如果/Cbb<br>会谈/VA 达致/VJ","SG"
"方案/Na/CNA_CMN_20001230_wpr/102559",0.0361076181535147,0.0361975545673937,"方案","CNA","2000","欧洲/Nc 委员会/Nc 研讨会/Na 」/PARENTHESISCATEGORY<br>,/COMMACATEGORY 肯定/Nv<br>地质/Na 处置/VC 的/DE 解决/Nv<br><b>方案/Na</b> 较/Dfa 合/VJ<br>人意/Na ,/COMMACATEGORY<br>建议/VC 多/D 对/P 放射性/Na<br>废弃物/Na 与/Caa","TW"
"计划/Na/XIN_CMN_20030918_wpr/51347",0.0130212173019011,-0.00803360969638547,"计划","XIN","2003","主要/VH 的/DE 无线电/Na 导航/Nv<br>计划/Na －－/Neu “/PARENTHESISCATEGORY<br>伽/b 利略/Nb ”/PARENTHESISCATEGORY<br><b>计划/Na</b> 。/PERIODCATEGORY<br>根据/VJ 欧盟/Nb 欧洲/Nc 委员会/Nc<br>驻华/A 代表团/Na 发布/VE 的/DE<br>新闻/Na","ML"
"计划/Na/ZBN_CMN_20030827_wpr/63706",-0.0346521369468879,0.0130250320540921,"计划","ZBN","2003","正/D 式/Nf 访问/VC 。/PERIODCATEGORY<br>孟买/Nc 发生大/Nc 爆炸/Na 辛哈/Nb<br>仍/D 按/VC <b>计划/Na</b><br>到访/Nv 虽然/Cbb 孟买/Nc 发生大/Nc<br>爆炸/Nv ，/COMMACATEGORY<br>辛哈/Nb 还是/D 按/P 原定/VE","SG"
"计划/Na/XIN_CMN_20030503_wpr/60782",0.078633666559844,0.00994015129177031,"计划","XIN","2003",")/PARENTHESISCATEGORY<br>巴解/Nc 组织/Na 宣布/VE 接受/VC<br>中东/Nc 和平/Nc “/PARENTHESISCATEGORY<br>路线图/Na ”/PARENTHESISCATEGORY<br><b>计划/Na</b> 新华社/Nc 加沙/Nb<br>5月/Nd 3日/Nd 电/Na (/PARENTHESISCATEGORY<br>记者/Na 周轶君/Nb )/PARENTHESISCATEGORY<br>巴勒斯坦/Nc","ML"
"计划/Na/CNA_CMN_20001025_wpr/22027",0.0293299727410542,-0.0229262098382566,"计划","CNA","2000","展/VC 大陆/Nc 家用/Na 汽车/Na<br>发展/Na 趋势/Na 研究/VC 项目/Na<br>,/COMMACATEGORY 双方/Nh<br><b>计划/Na</b> 今后/Nd 在/P<br>水/Na 资源/Na 、/PAUSECATEGORY<br>环境/Na 保护/Nv 、/PAUSECATEGORY<br>大洋/Na 渔业/Na","TW"
"计划/Na/XIN_CMN_20030605_wpr/79242",0.0178622028747626,0.00607532019482861,"计划","XIN","2003","计划/Na 、/PAUSECATEGORY<br>建设/Na 等/Cab 管理/Na 部门/Na<br>申请/VC 建设/Na 投/VC 资/VL<br><b>计划/Na</b> 。/PERIODCATEGORY<br>土地/Na 行政/Na 主管部/Nc 门将/Na<br>根据/P 市场/Nc 需求/Na ,/COMMACATEGORY<br>统一/Nv","ML"
"计划/Na/ZBN_CMN_20001126_wpr/15325",0.022312787944297,0.00221691378219476,"计划","ZBN","2000","填写/VC “/PARENTHESISCATEGORY<br>成绩单/Na ”/PARENTHESISCATEGORY<br>，/COMMACATEGORY 以/P 评估/VE<br>亚细安/Nb 各/Nes 项/Nf <b>计划/Na</b><br>的/DE 进展/Nv 。/PERIODCATEGORY<br>“/PARENTHESISCATEGORY<br>我们/Nh 不只/D 要/D 提出/VC<br>计划/Na ，/COMMACATEGORY","SG"
"计划/Na/XIN_CMN_20001122_wpr/50819",0.0528420581318893,0.0436897615411799,"计划","XIN","2000","土耳其/Nc 国防部长/Na 恰克马克奥卢/Nb<br>表示/VE 反对/VE 塞浦路斯/Nc 参与/VC<br>欧盟/Nb 快速反应部队/Na 的/DE<br><b>计划/Na</b> ,/COMMACATEGORY<br>并称/VG 将/D 以/P 书面/Na 形式/Na<br>阐明/VC 土耳其/Nc 在/P 此/Nep","ML"
"计划/Na/XIN_CMN_20030601_wpr/31922",0.0466382022715768,-0.0193352042472672,"计划","XIN","2003","阿尔及利亚/Nc 和/Caa 南非/Nc<br>5/Neu 个/Nf “/PARENTHESISCATEGORY<br>非洲/Nc 发展/Na 新/VH 伙伴/Na<br><b>计划/Na</b> ”/PARENTHESISCATEGORY<br>参加/VC 国/Nc 的/DE 领导人/Na<br>与会/VA 。/PERIODCATEGORY<br>在/P 非正式/A 对话/Nv","ML"
"计划/Na/ZBN_CMN_20030618_wpr/62164",0.00632215290634462,-0.0173785899444871,"计划","ZBN","2003","协/VH 与/Caa 社/Nc 理会/VC<br>4月/Nd 起/Ng 推出/VC “/PARENTHESISCATEGORY<br>社会/Na 援助/Na <b>计划/Na</b><br>”/PARENTHESISCATEGORY<br>(/PARENTHESISCATEGORY<br>SociaupportProgramme/FW<br>)/PARENTHESISCATEGORY<br>，/COMMACATEGORY 为/VG<br>无法/D 获得/VJ 家人/Na 或/Caa","SG"
"计划/Na/XIN_CMN_20030805_wpr/52333",-0.059995409244418,0.0348100352640807,"计划","XIN","2003","更为/Dfa 困难/Na 。/PERIODCATEGORY<br>据报/Dk 道/VE ,/COMMACATEGORY<br>国务院/Nc 扣除/VC 贷款/Na 的/DE<br><b>计划/Na</b> 并未/D 得到/Nv<br>美国/Na 国会/Nc 议员/Na 的/DE<br>一致/Nv 同意/Nv 。/PERIODCATEGORY<br>部分/Na","ML"
"计划/Na/ZBN_CMN_20030708_wpr/50435",0.0473385335672312,-0.056972099619018,"计划","ZBN","2003","公款/Na 须/D 用/VC 得/DE 合情合理/VH<br>建屋局/Nc 的/DE “/PARENTHESISCATEGORY<br>瘦身/Na ”/PARENTHESISCATEGORY<br><b>计划/Na</b> ，/COMMACATEGORY<br>引起/VC 了/Di 很/Dfa 大/VH<br>的/DE 争议/Na 。/PERIODCATEGORY<br>今年/Nd 2月/Nd","SG"
"计划/Na/ZBN_CMN_20030902_wpr/91015",-0.0014959838099514,0.0115164147932443,"计划","ZBN","2003","已/D 有/V_2 8万3000多/Neu<br>户/Nf 家庭/Na 在/P 各/Nes<br>种/Nf 财政/Na 援助/Na <b>计划/Na</b><br>下/Ng 受惠/VH ，/COMMACATEGORY<br>其中/Nep 9万多/Neu 名/Nf 屋主/Na<br>动用/VC 特别/VH 户头/Na","SG"
"方案/Na/XIN_CMN_20030503_wpr/67940",0.029880154885713,-0.0175612183731484,"方案","XIN","2003","相/D 结合/VHC 治疗/Na 病人/Na<br>、/PAUSECATEGORY 制定/VC<br>相对/Nv 规范/Na 的/DE 治疗/Na<br><b>方案/Na</b> 、/PAUSECATEGORY<br>结合/Nv 病人/Na 临床/Na 特点/Na<br>寻找/VC 紧急/VH 救治/VC 方法/Na<br>等/Cab","ML"
"方案/Na/CNA_CMN_20001002_wpr/4382",-0.0296158945488175,-0.116506229102702,"方案","CNA","2000","--/DASHCATEGORY 十时/Nd<br>,/COMMACATEGORY 市议员/Na<br>蒋乃辛/Nb 「/PARENTHESISCATEGORY<br>高中/VJ 多元/Na 入学/VA 新/VH<br><b>方案/Na</b> 、/PAUSECATEGORY<br>家/Nc 长/VH 没/VJ 信心/Na<br>」/PARENTHESISCATEGORY<br>记者会/Na ,/COMMACATEGORY<br>市议会/Nc 七楼/Nc","TW"
"计划/Na/XIN_CMN_20030809_wpr/14147",0.0686855679773184,-0.012715873217093,"计划","XIN","2003","信息产业/Na 周上/Nb 介绍/Na 的/DE<br>。/PERIODCATEGORY 谢学宁/Nb<br>说/VE ,/COMMACATEGORY<br>这/Nep 一/Neu <b>计划/Na</b><br>从/P 今/Nd 年/Nf 起/Ng 开始/VH<br>实施/Nv ,/COMMACATEGORY<br>以/P 建设/Na 和/Caa","ML"
"计划/Na/ZBN_CMN_20030909_wpr/79062",0.0127442256175675,-0.00298525800237093,"计划","ZBN","2003","：/COLONCATEGORY “/PARENTHESISCATEGORY<br>社理会/Na 配合/VC 政府/Na 推行/VC<br>17/Neu 项/Nf 援/VC 助/VF<br><b>计划/Na</b> ，/COMMACATEGORY<br>由/P 我们/Nh 社理会/Na 帮助/Na<br>被/P 裁退/VC 、/PAUSECATEGORY<br>失业/Nv 和/Caa","SG"
"计划/Na/XIN_CMN_20001121_wpr/37448",-0.0626883439258346,0.15490759729115,"计划","XIN","2000","原定/VE 到/VCL 巴拿马/Nc 出席/Nv<br>伊比利亚/Nb 美洲/Nc 国家/Na 首脑/Na<br>会议/Na 的/DE <b>计划/Na</b><br>,/COMMACATEGORY 前往/VCL<br>日本/Nc ,/COMMACATEGORY<br>并/Cbb 于/P 19/Neu 日/Nd<br>在/P 东京/Nc","ML"
"计划/Na/XIN_CMN_20030715_wpr/32337",-0.00402954895621462,-0.024328469646632,"计划","XIN","2003","计划/Na 、/PAUSECATEGORY<br>文康/Na 体育/Na 艺术/Na 训练/Na<br>计划/Na 、/PAUSECATEGORY<br>文康/Na 导赏/Na <b>计划/Na</b><br>、/PAUSECATEGORY 自然/Nv<br>环境/Na 推广计/Nb 划/VC 、/PAUSECATEGORY<br>社区/Nc 关怀/Nv 计划/Na 。/PERIODCATEGORY","ML"
"计划/Na/ZBN_CMN_20030910_wpr/57222",-0.574961719853875,0.081921523925361,"计划","ZBN","2003","过/VCL 早/D 。/PERIODCATEGORY<br>康福/Nb 德/Na 高企/Nb 业/Na<br>7月/Nd 间/Ng 宣布/VE <b>计划/Na</b><br>装置/Na 自动车门/Na 系统/Na ，/COMMACATEGORY<br>而/Cbb 司机/Na 和/Caa 乘客/Na<br>间/Ng 也/D","SG"
"计划/Na/CNA_CMN_20010108_wpr/64327",0.0801895565286102,0.290314977809244,"计划","CNA","2001","六十五/Neu 岁/Nf 以/P 高/VH<br>危险群/Na 老/VH 人流/Na 感/VK<br>疫苗/Na 接种/VC <b>计划/Na</b><br>,/COMMACATEGORY 已/D 于/P<br>去年/Nd 十二月/Nd 中旬/Nd 全部/Neqa<br>结束/VHC ,/COMMACATEGORY<br>全县/Na","TW"
"方案/Na/XIN_CMN_20030627_wpr/55280",0.02797840977114,0.0255784395374733,"方案","XIN","2003","恢复/Nv 飞行/Nv 之前/Ng ,/COMMACATEGORY<br>美国/Nc 宇航局/Nc 应/D 制订/VC<br>出/VC 完备/VH <b>方案/Na</b><br>,/COMMACATEGORY 以/P 加强/VC<br>在/P 太空/Na 轨道/Na 中/Ng<br>对/P 航天飞机/Na 进行/VC","ML"
"计划/Na/ZBN_CMN_20030422_wpr/26364",0.0771165444690165,0.00379638500704018,"计划","ZBN","2003","报/Na 说/VE ，/COMMACATEGORY<br>由于/Cbb 一/Neu 名/Nf 参与/VC<br>伊拉克/Nc 化学/Na 武器/Na <b>计划/Na</b><br>长达/VJ 十多/Neu 年/Nf 的/DE<br>科学家/Na 提/VE 供/VF 的/DE<br>情报/Na ，/COMMACATEGORY","SG"
"计划/Na/XIN_CMN_20030614_wpr/39552",0.0635878937521209,-0.053826070732549,"计划","XIN","2003","头条/Na )/PARENTHESISCATEGORY<br>全/Nb 国学/Na 联号/Na 召/VF<br>毕业生/Na 积极/VH 参加/VC 西部/Ncd<br><b>计划/Na</b> 《/PARENTHESISCATEGORY<br>工人/Na 日报/Na 》/PARENTHESISCATEGORY<br>中原/Nc 楼/Nc 市/Nc “/PARENTHESISCATEGORY<br>傍/VJ ”/PARENTHESISCATEGORY","ML"
"计划/Na/ZBN_CMN_20030807_wpr/64879",0.023668841451014,-0.0233421424673435,"计划","ZBN","2003","年初/Nd ，/COMMACATEGORY<br>级/Na 任教师/Na 在/P 班/Nc<br>上/Ncd 实行/VC “/PARENTHESISCATEGORY<br>伙伴/Na <b>计划/Na</b> ”/PARENTHESISCATEGORY<br>（/PARENTHESISCATEGORY<br>buddysystem/FW ）/PARENTHESISCATEGORY<br>，/COMMACATEGORY 将/P 每/Nes<br>一/Neu 名/Nf 学生/Na","SG"
"计划/Na/XIN_CMN_20030712_wpr/42527",0.042873786295786,-0.0175827323953997,"计划","XIN","2003",",/COMMACATEGORY 非盟/Na<br>成员国/Na 领导人/Na 就/D “/PARENTHESISCATEGORY<br>非洲/Nc 发展/Na 新/VH 伙伴/Na<br><b>计划/Na</b> ”/PARENTHESISCATEGORY<br>、/PAUSECATEGORY 消除/VC<br>地区/Nc 冲突/Na 和/Caa 防治/Nv<br>艾滋病/Na 等/Cab 议题/Na","ML"
"计划/Na/XIN_CMN_20001125_wpr/8794",0.035395399538075,-0.0252255082996289,"计划","XIN","2000","的/DE 基因/Na 医学/Na 产业/Na<br>,/COMMACATEGORY 随着/P<br>“/PARENTHESISCATEGORY<br>人/Na 类/Nf 基因组/Nc <b>计划/Na</b><br>”/PARENTHESISCATEGORY<br>的/DE 进展/Nv 得以/D 加快/VHC<br>发展/Na 。/PERIODCATEGORY<br>目前/Nd ,/COMMACATEGORY<br>基因/Na","ML"
"计划/Na/ZBN_CMN_20030627_wpr/27300",-0.0824805946061284,0.0123315809622857,"计划","ZBN","2003","债券/Na 仪式/Na 后/Ng ，/COMMACATEGORY<br>针对/P 银行/Nc 进行/VC 第二/Neu<br>轮/Nf 合并/Nv <b>计划/Na</b><br>的/DE 问题/Na 发表/VC 谈话/Na<br>。/PERIODCATEGORY 分析员/Na<br>说/VE ，/COMMACATEGORY<br>国贸/Na 资本/Na","SG"
"计划/Na/CNA_CMN_20001202_wpr/81752",0.105732732202185,-0.0273502660212276,"计划","CNA","2000","全国/Nc 一共/Da 有/V_2 十三/Neu<br>名/Nf 女/Na 参议员/Na 。/PERIODCATEGORY<br>891202/Neu 陈定南/Nb <b>计划/Na</b><br>发动/VC 社会/Na 志工/Na 参与/VC<br>监所/Nc 矫正/VC 工作/VA (/PARENTHESISCATEGORY<br>中央社/Nc 记者/Na","TW"
"方案/Na/XIN_CMN_20001129_wpr/14479",0.0079699225165343,-0.000947768684786925,"方案","XIN","2000","联合/D 制定/VC 的/DE 《/PARENTHESISCATEGORY<br>河北省/Nc 电力/Na 行政/Na 管理/Na<br>职能/Na 移交/VD <b>方案/Na</b><br>》/PARENTHESISCATEGORY<br>日前/Nd 获得/VJ 国家经贸委/Na<br>和/P 河北省/Nc 政府/Na 批准/VE<br>,/COMMACATEGORY 河北/Nc","ML"
"计划/Na/XIN_CMN_20001220_wpr/47930",0.032503249355442,-0.0443738157834572,"计划","XIN","2000","此/Nep ,/COMMACATEGORY<br>乌鲁木齐市/Nc 率先/D 启/VC 动/VAC<br>“/PARENTHESISCATEGORY<br>学生/Na 饮用/VC 奶/Na <b>计划/Na</b><br>”/PARENTHESISCATEGORY<br>和/Caa “/PARENTHESISCATEGORY<br>学生/Na 营养/VH 午餐/Na 计划/Na<br>”/PARENTHESISCATEGORY<br>,/COMMACATEGORY 并/Cbb","ML"
"计划/Na/XIN_CMN_20030829_wpr/28792",0.033608730297799,-0.0257305516417273,"计划","XIN","2003",",/COMMACATEGORY 内地/Nc<br>旅客/Na 来/VA 港/Nc “/PARENTHESISCATEGORY<br>个/Nf 人/Na 游/VA ”/PARENTHESISCATEGORY<br><b>计划/Na</b> 的/DE 推行/VC<br>将/D 对/P 旅游业/Na 提供/VC<br>进一步/A 的/DE 刺激/VH 。/PERIODCATEGORY","ML"
"计划/Na/ZBN_CMN_20001207_wpr/3723",0.0779020453759827,-0.159634292591093,"计划","ZBN","2000","同样/Dfa 务实/VH （/PARENTHESISCATEGORY<br>甚至/D 更为/Dfa 紧迫/VH ）/PARENTHESISCATEGORY<br>原因/Na 的/DE 中国/Na <b>计划/Na</b><br>生育/Nv 政策/Na ，/COMMACATEGORY<br>在/P 西/Ncd 方/Ncd 却/D 全然/D<br>是/SHI 野蛮/VH","SG"
"方案/Na/XIN_CMN_20030828_wpr/31495",-0.0120807046050252,-0.0133012269570448,"方案","XIN","2003","联系/VC ,/COMMACATEGORY<br>并/Cbb 提供/VC 以/P IP/FW<br>为/VG 基础/VH 的/DE 服务/Na<br><b>方案/Na</b> 。/PERIODCATEGORY<br>中国/Nc 网通/Nb 是/SHI 内地/Nc<br>现行/A 的/DE 固网/Na 营运商/Na<br>。/PERIODCATEGORY","ML"
"计划/Na/XIN_CMN_20001206_wpr/13710",0.0180455728669732,-0.0176162293130516,"计划","XIN","2000","两/Neu 次/Nf 会议/Na 精神/Na<br>,/COMMACATEGORY 对于/P<br>做好/VC “/PARENTHESISCATEGORY<br>十五/Neu ”/PARENTHESISCATEGORY<br><b>计划/Na</b> 编制/VC 工作/Na<br>和/Caa 明年/Nd 的/DE 经济/Na<br>工作/Na ,/COMMACATEGORY<br>具有/VJ 十分/Dfa","ML"
"计划/Na/CNA_CMN_20010123_wpr/37758",0.0236201376119851,-0.00323029362494339,"计划","CNA","2001","步/Nf 战/Na 略/VJ 目标/Na<br>,/COMMACATEGORY 实施/Nv<br>第十/Neu 个/Nf 五/Neu 年/Nf<br><b>计划/Na</b> 的/DE 第一/Neu<br>年/Nf 。/PERIODCATEGORY<br>要/D 「/PARENTHESISCATEGORY<br>坚持/VK 扩大/VC 内需/Na 的/DE","TW"
"计划/Na/XIN_CMN_20030421_wpr/11548",0.0306358837608844,0.0154741141768778,"计划","XIN","2003","战争/Na 那样/Dfa 容易/VH 。/PERIODCATEGORY<br>布什/Nb 正在/D 紧锣密鼓/VH 推动/VC<br>经济/Na 复兴/VC <b>计划/Na</b><br>。/PERIODCATEGORY 他/Nh<br>4月/Nd 16日/Nd 上午/Nd 签署/VC<br>了/Di 一/Neu 项/Nf 总额/Na","ML"
"方案/Na/ZBN_CMN_20030509_wpr/50444",0.0243455515382361,0.000743428638700913,"方案","ZBN","2003","是/SHI 影响/Nv 税收/Na ，/COMMACATEGORY<br>该/D 立法委员/Na 最近/VH 要/D<br>推动/VC 的/DE <b>方案/Na</b><br>，/COMMACATEGORY 就/D 是/SHI<br>要/D 重新/D 启动/VC 调降/Nv<br>台商/Na 设立/VC 营运/Nv","SG"
"方案/Na/XIN_CMN_20030923_wpr/34453",0.043047329827139,-0.0354762613412936,"方案","XIN","2003","的/DE 选择/Na 上/Ncd 必须/VH<br>好好/VH 研究/VC 一下/Nd ,/COMMACATEGORY<br>最终/A 的/DE <b>方案/Na</b><br>要/D 等到/P 明年/Nd 春天/Nd<br>才能/Na 定下来/VB 。/PERIODCATEGORY<br>对于/P 北京/Nc 奥/Nc","ML"
"计划/Na/CNA_CMN_20001207_wpr/106922",-0.022785857246553,-0.0288089346970399,"计划","CNA","2000","资深/Nv 中国/Na 大陆/Nc 问题/Na<br>分析员/Na 。/PERIODCATEGORY<br>美国/Nc CNN/FW 网站/Na 亚洲版/Na<br><b>计划/Na</b> 在/P 明年/Nd<br>正式/VH 启动/VC ,/COMMACATEGORY<br>并/Cbb 会/D 以/P 「/PARENTHESISCATEGORY<br>亚洲人/Na","TW"
"计划/Na/XIN_CMN_20030610_wpr/5993",-0.0906889659732034,-0.168611198216012,"计划","XIN","2003","移栽/VC 到/P 张飞/Nb 新庙/Nc<br>。/PERIODCATEGORY 此外/Cbb<br>,/COMMACATEGORY 园林/Na<br>工作者/Na 还/VD <b>计划/Na</b><br>根据/Na 新/VH 庙区/Nc 空地/Na<br>较/Dfa 大/VH 的/DE 特点/Na<br>,/COMMACATEGORY 增加/Nv","ML"
"计划/Na/ZBN_CMN_20030504_wpr/88903",-0.0499882342565068,0.0968699082338356,"计划","ZBN","2003","鼻子/Na ，/COMMACATEGORY<br>不要/D 随地/D 吐痰/VH 。/PERIODCATEGORY<br>*/FW 延/VC 后/Ng 出国/VA<br><b>计划/Na</b> ：/COLONCATEGORY<br>延后/VC 到/P 香港/Nc 和/Caa<br>广东/Nc ，/COMMACATEGORY<br>避免/VE 到/VCL 疫区/Nc","SG"
"计划/Na/XIN_CMN_20001219_wpr/31555",0.0276637787176789,-0.0876890787929795,"计划","XIN","2000","重点/Na 整改/VC 。/PERIODCATEGORY<br>县政府/Nc 对/P 群众/Na 反映/Nv<br>强烈/Nv 的/DE 农村/Nc <b>计划/Na</b><br>外生/Na 育/VC 罚/VF 没/VJ<br>款/Na 管理/Na 问题/Na 进行/VC<br>了/Di 严肃/VH","ML"
"方案/Na/XIN_CMN_20030903_wpr/58864",0.0137094540245033,0.0167704527164615,"方案","XIN","2003","给/VD 各/Nes 政府/Nc 部门/Na<br>下达/VJ 指示/VE 。/PERIODCATEGORY<br>据悉/Dk ,/COMMACATEGORY<br>改组/Nv <b>方案/Na</b> 是/SHI<br>根据/P 一/Neu 项/Nf 相关/VH<br>的/DE 独立/Nv 调查/Na 报告/Na<br>而/Cbb","ML"
"计划/Na/XIN_CMN_20001028_wpr/15082",0.0188588141154198,-0.0788770641128849,"计划","XIN","2000","健康/Nv 科学/Na 知识/Na 宣传/Na<br>试点/Na 地区/Nc ,/COMMACATEGORY<br>宣传/Na 重点/D 包括/VK <b>计划/Na</b><br>生育/Nv 丈夫/Na 有责/VH 、/PAUSECATEGORY<br>解决/Nv 男性/Na 生殖/Nv 保健/Na<br>中/Ncd 存在/VA","ML"
"计划/Na/CNA_CMN_20001107_wpr/122052",-0.0494344131506783,0.0489881941994251,"计划","CNA","2000","终止/VHC 华国/Nb 饭店/Na 股票/Na<br>上市案/Na 。/PERIODCATEGORY<br>证券/Na 交易所/Nc 日前/Nd 将/P<br><b>计划/Na</b> 终止/Nv 与/Caa<br>华国/Nb 饭店/Na 签订/VC 的/DE<br>有/V_2 价/Na 证券/Na 上市/VH","TW"
"计划/Na/ZBN_CMN_20030413_wpr/23852",-0.031380354005157,0.0649002945824412,"计划","ZBN","2003","发/VC 声明/Na ，/COMMACATEGORY<br>声称/VE 国泰/Nb ‘/PARENTHESISCATEGORY<br>在/P 现阶段/Nd ’/PARENTHESISCATEGORY<br>没有/V_J <b>计划/Na</b> 在/P<br>未来/Nd 任何/Neqa 时间/Na 停止/Nv<br>运作/Nv ，/COMMACATEGORY<br>并/Cbb 会/D 尽力/VH","SG"
"计划/Na/ZBN_CMN_20030911_wpr/30539",-0.152986829561557,0.0256090287029556,"计划","ZBN","2003","控股/VA 没/D 达到/VJ 要求/Na<br>。/PERIODCATEGORY 虽然/Cbb<br>金界/Nc 控股/VA 的/DE 售股/Na<br><b>计划/Na</b> 遭/P 腰斩/VB<br>，/COMMACATEGORY 朱治光/Nb<br>并/D 不/D 气馁/VH ，/COMMACATEGORY<br>前/Nes 两/Neu","SG"
"计划/Na/CNA_CMN_20001115_wpr/100165",-0.0248905926424848,0.0181692850881377,"计划","CNA","2000","一九九七年/Nd 的/DE 一点二/Neu<br>倍/Na 才能/Na 达到/VJ 「/PARENTHESISCATEGORY<br>国家/Na 环境/Na 保护/Nv <b>计划/Na</b><br>」/PARENTHESISCATEGORY<br>目标/Na 。/PERIODCATEGORY<br>叶欣诚/Nb 报告/Na 说/VE ,/COMMACATEGORY<br>根据/VJ 模型/Na 分析/Na","TW"
"计划/Na/ZBN_CMN_20030511_wpr/54085",-0.0168135432592486,0.0313383143433916,"计划","ZBN","2003","基地/Nc 的/DE 工程/Na 已/D<br>完成/VC 七成/Neqa ，/COMMACATEGORY<br>工程/Na 依/P 原订/Nv <b>计划/Na</b><br>进展/Nv ，/COMMACATEGORY<br>相信/VK 会/D 在/P 明年/Nd 1月/Nd<br>完工/Nv 。/PERIODCATEGORY<br>据/P","SG"
"计划/Na/XIN_CMN_20001118_wpr/36582",-0.00644839758395392,0.0198068305060552,"计划","XIN","2000","战略/Na 和/Caa 国民经济/Na 和/Caa<br>社会/Na 发展/VC 第十/Neu 个/Nf<br>五/Neu 年/Nf <b>计划/Na</b><br>的/DE 建议/VC ,/COMMACATEGORY<br>积极/VH 评价/VC 了/Di 三国/Nd<br>在/P 克/VC 服/VJ","ML"
"计划/Na/XIN_CMN_20001231_wpr/67327",0.00883738003676365,-0.0596489796400043,"计划","XIN","2000","80万/Neu 人/Na ;/SEMICOLONCATEGORY<br>发送/Nv 货物/Na 3500/Neu<br>万/Neu 吨/Nf ,/COMMACATEGORY<br>超/A <b>计划/Na</b> 150万/Neu<br>吨/Nf 。/PERIODCATEGORY<br>广东/Nc 加快/Nv 发展/Na 农产品/Na<br>流通/Nv 加工业/Na 新华社/Nc","ML"
"计划/Na/XIN_CMN_20030820_wpr/12975",-0.42043979575735,-0.240464387457692,"计划","XIN","2003","集团/Na 创办人/Na 兼/VG 董事长/Na<br>罗康瑞/Nb 介绍/Na 说/VE ,/COMMACATEGORY<br>瑞安/Nc 集团/Na <b>计划/Na</b><br>把位/Na 于/P 重庆/Nc 主/A 城区/Nc<br>中心/Nc 地段/Nc 的/DE 化龙桥/Nc<br>片/Na","ML"
"计划/Na/XIN_CMN_20030503_wpr/582",0.0506081343022621,0.130628661488914,"计划","XIN","2003","状况/Na (/PARENTHESISCATEGORY<br>国际/Nc )/PARENTHESISCATEGORY<br>布什/Nb 呼吁/VE 国会/Nc 支持/Nv<br>其/Nep 减税/Nv <b>计划/Na</b><br>(/PARENTHESISCATEGORY<br>国际/Nc )/PARENTHESISCATEGORY<br>英国/Nc 一/Neu 摄影/Na 记者/Na<br>在/P 加/VC 沙/Na","ML"
"计划/Na/ZBN_CMN_20030909_wpr/78998",0.0371674903992986,0.00508362718562383,"计划","ZBN","2003","15/Neu 岁/Nf 的/DE 孩子/Na<br>的/DE 生活费/Na 。/PERIODCATEGORY<br>在/P 这/Nep 项/Nf <b>计划/Na</b><br>下/Ng ，/COMMACATEGORY<br>他们/Nh 将/D 可/D 获得/VJ 300/Neu<br>元/Nf 的/DE 交通/Na","SG"
"计划/Na/XIN_CMN_20030705_wpr/26308",0.0729818744307944,0.0142351127711027,"计划","XIN","2003","明确/VH 了/Di 长/VH 三角/Na<br>旅游/Na 城市/Na 合作/Na 项目/Na<br>和/Caa 行动/Na <b>计划/Na</b><br>,/COMMACATEGORY 并/Cbb<br>在/P 加强/VC 区域/Na 旅游/Na<br>合作/VH 、/PAUSECATEGORY<br>区域/Nc 旅游/Na","ML"
"计划/Na/ZBN_CMN_20030825_wpr/34476",0.0514943044934625,0.0902553471442492,"计划","ZBN","2003","巴勒/Nc 斯坦/Nb 总理/Na 阿巴斯/Nb<br>就/D 立即/D 批准/VE 加强/VC<br>保安/Na 的/DE <b>计划/Na</b><br>。/PERIODCATEGORY 封锁/VC<br>卡萨/Nb 地带/Nc 南部/Ncd 与/Caa<br>埃及/Nc 接壤/VH 边界/Nc 的/DE","SG"
"计划/Na/ZBN_CMN_20001102_wpr/38728",-0.478480224731393,0.273035160865624,"计划","ZBN","2000","先驱/Na ，/COMMACATEGORY<br>在朝鲜/VH 有/V_2 许多/Neqa<br>商业/Na 合作/VH 项目/Na 。/PERIODCATEGORY<br>如/P <b>计划/Na</b> 在朝鲜/VH<br>西海岸/Nc 建立/VC 大型/Na 工业区/Nc<br>，/COMMACATEGORY 经/P 组织/Na<br>韩国/Nc 旅游团/Na","SG"
"计划/Na/CNA_CMN_20010104_wpr/67959",0.0144679011042339,0.108880790785634,"计划","CNA","2001","也/D 定出/VC 「/PARENTHESISCATEGORY<br>台北市/Nc 九十/Neu 年/Nf 国家/Na<br>清洁/VH 週/Nf 执行/VH <b>计划/Na</b><br>」/PARENTHESISCATEGORY<br>,/COMMACATEGORY 宣佈/VE<br>于/P 二十一/Neu 、/PAUSECATEGORY<br>二十二/Neu 日/Nf 停用/VH 垃圾/Na","TW"
"计划/Na/XIN_CMN_20030730_wpr/24479",-0.58405116637778,-0.0184277716569941,"计划","XIN","2003","强化/VHC ,/COMMACATEGORY<br>同时/Nd ,/COMMACATEGORY<br>可/D 考虑/Nv 依托/Na 相对/Nv<br>成熟/Nv 的/DE <b>计划/Na</b><br>生育网/Na ,/COMMACATEGORY<br>建/VC 立/VC 健全/Nv 农村/Nc<br>卫生/Na 防疫/Nv 网络/Na ,/COMMACATEGORY","ML"
"计划/Na/XIN_CMN_20030809_wpr/35377",0.0450685580114397,0.00572068131784649,"计划","XIN","2003","强调/VE 美国/Na 全面/Na 支持/Nv<br>实施/Nv 中东/Nc 和平/Nc “/PARENTHESISCATEGORY<br>路线图/Na ”/PARENTHESISCATEGORY<br><b>计划/Na</b> ,/COMMACATEGORY<br>希望/Na 和平/VH 解决/VC 巴/Nc<br>以/P 冲突/Na 。/PERIODCATEGORY<br>据/P 约旦/Nc","ML"
"计划/Na/ZBN_CMN_20030722_wpr/32854",0.012289253341508,0.00579212779425911,"计划","ZBN","2003","出版商/Na 就此/D 项/Nf 名/Na<br>为/VG LookInside/FW the/FW<br>Book/FW II/FW 的/DE <b>计划/Na</b><br>进行/VC 协/VH 商/Nd 。/PERIODCATEGORY<br>根据/P 这/Nep 项/Nf 计划/Na<br>，/COMMACATEGORY 用户/Na","SG"
"计划/Na/XIN_CMN_20030417_wpr/59592",0.0265198249926945,0.00482510541016092,"计划","XIN","2003",",/COMMACATEGORY 美/Nc<br>宇航局/Nc 应该/D 制定/VC 并/Cbb<br>实施/Nv 全面/Na 的/DE 检测/Nv<br><b>计划/Na</b> ,/COMMACATEGORY<br>以/P 确定/VK 航天飞机/Na 上/Ncd<br>所有/Nv 增强/Nv 型/Na 碳基/Na<br>复合/VA","ML"
"计划/Na/ZBN_CMN_20001126_wpr/24836",0.00690891454412453,0.0118338618568864,"计划","ZBN","2000","的/DE 重要/Nv 步骤/Na 。/PERIODCATEGORY<br>吴/Nb 总理/Na 透露/VE ，/COMMACATEGORY<br>为了/P 确保/Nv <b>计划/Na</b><br>顺利/VH 付诸/VF 实行/VC ，/COMMACATEGORY<br>首脑/Na 们/Na 决定/Na 在/P<br>明年/Nd 的/DE","SG"
"计划/Na/ZBN_CMN_20030930_wpr/57957",0.0222487928475822,-0.0236974098846878,"计划","ZBN","2003","配合/VC 社体部/Nc 的/DE 要/D<br>求/VF ，/COMMACATEGORY<br>展开/Nv 长期/Na 的/DE 培训/Nv<br><b>计划/Na</b> ，/COMMACATEGORY<br>为/VG 国家队/Na 培养/VC 优秀/VH<br>的/DE 接班人/Na 。/PERIODCATEGORY<br>”/PARENTHESISCATEGORY<br>另一方面/Cbb","SG"
"计划/Na/ZBN_CMN_20001210_wpr/21520",0.0283635760605651,-0.0439193165927549,"计划","ZBN","2000","Hitachi/FW ）/PARENTHESISCATEGORY<br>公/A 司/Nb 的/DE 一/Neu 个/Nf<br>区域/Na 社区/Nc 服务/Na <b>计划/Na</b><br>，/COMMACATEGORY 目的/Na<br>在于/VK 培育/VC 亚洲/Nc 的/DE<br>青年/Na 领袖/Na ，/COMMACATEGORY<br>让/VL","SG"
"计划/Na/CNA_CMN_20001101_wpr/168942",0.06869764373654,0.0439428000542767,"计划","CNA","2000","个/Nf 层面/Na 问题/Na ,/COMMACATEGORY<br>其/Nep 中/Ng 包括/VK 北韩/Nc<br>的/DE 飞弹/Na <b>计划/Na</b><br>、/PAUSECATEGORY 有关/Nv<br>飞弹/Na 的/DE 出口/Nv 和/Caa<br>金正日/Nb 的/DE 构/Na 想/VE","TW"
"计划/Na/CNA_CMN_20001013_wpr/157175",0.125915235401992,0.0207434720241494,"计划","CNA","2000","。/PERIODCATEGORY 欧盟/Nb<br>执委/Na 会不会/D 同意法/Na 加/VC<br>两/Neu 大/VH 传媒/Na 结合/Nv<br><b>计划/Na</b> ,/COMMACATEGORY<br>但/Cbb 将/D 展开/VC 四/Neu<br>个/Nf 月/Na 的/DE 调查/Na<br>,/COMMACATEGORY","TW"
"计划/Na/ZBN_CMN_20030413_wpr/74532",-0.161488164026684,-0.142393870807766,"计划","ZBN","2003","基层/Na 领袖/Na 推荐/VC 居民/Na<br>当/P 委/VF 员/Nf 的/DE 制度/Na<br>，/COMMACATEGORY <b>计划/Na</b><br>未必/D 会/D 扩大到/VC 全国/Nc<br>所有/VI 的/DE 居/VG 委会/Na<br>。/PERIODCATEGORY 总理/Na","SG"
"方案/Na/ZBN_CMN_20001101_wpr/36994",-0.038371788500081,0.0110626982195384,"方案","ZBN","2000","困难/Na 的/DE 韩国/Nc 大宇/Nb<br>汽车/Na 昨日/Nd 公布/VE 新/VH<br>的/DE 自救/VA <b>方案/Na</b><br>，/COMMACATEGORY 其中/Nep<br>包括/VK 将/P 裁员/VC 3500/Neu<br>人/Na ，/COMMACATEGORY<br>相当于/VG 公司/Nc","SG"
"方案/Na/CNA_CMN_20001007_wpr/90071",0.0251828328888555,0.0595383347154632,"方案","CNA","2000","抽离/VC 或/Caa 裁併/VC 派出所/Nc<br>,/COMMACATEGORY 村民/Na<br>可能/Na 误解/Na 这/Nep 项/Nf<br><b>方案/Na</b> 的/DE 真正/A<br>用意/Na 。/PERIODCATEGORY<br>891007/Neu 中共/Nb 拒绝/Nv<br>增加/Nv 分摊/Nv 联合国/Nc","TW"
"计划/Na/ZBN_CMN_20001204_wpr/10857",0.0118974791002121,-0.0554276050004377,"计划","ZBN","2000","全国/Nc 技工/Na 证书/Na 课程/Na<br>。/PERIODCATEGORY 他/Nh<br>说/VE ：/COLONCATEGORY<br>“/PARENTHESISCATEGORY<br>我们/Nh <b>计划/Na</b> 在/P<br>第一/Neu 年/Nf 提供/VC 100/Neu<br>个/Nf 训练奖/Na 学额/Na 。/PERIODCATEGORY<br>凡是/Cbb","SG"
"方案/Na/CNA_CMN_20001109_wpr/128199",-0.0459870391179324,-0.0373531571722357,"方案","CNA","2000","最后/Ncd 一/Neu 道/Nf 枫红/Na<br>,/COMMACATEGORY 并/Cbb<br>配合/VC 推出/VC 经济/Na 优惠/Nv<br><b>方案/Na</b> ,/COMMACATEGORY<br>值/VJ 此/Nep 旅游/Na 淡季/Nd<br>中/Ng 一枝独秀/VH ,/COMMACATEGORY<br>推出/VC 四/Neu","TW"
"计划/Na/ZBN_CMN_20001001_wpr/4445",0.0636809311462742,-0.0576189731037705,"计划","ZBN","2000","的/DE 大门/Na ，/COMMACATEGORY<br>欣然/D 接受/VC 异地/Nc 的/DE<br>文化/Na 。/PERIODCATEGORY<br>参与/Nv <b>计划/Na</b> 的/DE<br>张志坚/Nb （/PARENTHESISCATEGORY<br>24/Neu 岁/Nf ）/PARENTHESISCATEGORY<br>说/VE ：/COLONCATEGORY<br>“/PARENTHESISCATEGORY<br>和/Caa","SG"
"计划/Na/ZBN_CMN_20030723_wpr/10566",0.118302012981867,-0.0207174181252757,"计划","ZBN","2003","贝哥/Nb 转投/VC 皇家/Na 马德里/Nc<br>，/COMMACATEGORY 达柏/Nb<br>认为/VE 对/P 曼联/Nb 访美/Nb<br><b>计划/Na</b> 影/Na 响/VH<br>不/D 大/VH 。/PERIODCATEGORY<br>他/Nh 说/VE ：/COLONCATEGORY<br>“/PARENTHESISCATEGORY<br>这/Nep","SG"
"计划/Na/CNA_CMN_20001009_wpr/101619",-0.0485966670035735,-0.0195583958400918,"计划","CNA","2000","这/Nep 个/Nf 电信业/Na 展望/VJ<br>良好/VH 的/DE 地区/Nc 。/PERIODCATEGORY<br>在/P 合资/Nv <b>计划/Na</b><br>下/Ng ,/COMMACATEGORY<br>新/VH 公司/Nc 将/D 向/P 亚洲/Nc<br>市场/Nc 的/DE 电信/Na","TW"
"计划/Na/ZBN_CMN_20030815_wpr/47851",0.187305214297858,-0.0896876472807876,"计划","ZBN","2003","（/PARENTHESISCATEGORY<br>台/Nc ）/PARENTHESISCATEGORY<br>付费/Nv 广播/Na 影视/Na 节目/Na<br>。/PERIODCATEGORY 这/Nep<br>一/Neu <b>计划/Na</b> 还/D<br>包括/VK 在/P 2008年/Nd 通过/VC<br>高清晰度/Na 的/DE 数字/Na 信号/Na<br>向/P","SG"
"计划/Na/XIN_CMN_20030623_wpr/38826",0.0162086327373869,0.0143980454759719,"计划","XIN","2003","并/D 为/P 中心/Nc 的/DE 建立/Nv<br>提供/Nv 方便/Nv 。/PERIODCATEGORY<br>根据/P 执行/VC <b>计划/Na</b><br>,/COMMACATEGORY 中国/Nc<br>和/Caa 印度/Nc 两国/Nc 政府/Na<br>鼓励/Nv 和/Caa 支持/Nv 双方/Nh","ML"
"方案/Na/CNA_CMN_20001211_wpr/141141",0.0242341949435659,0.0117770386134057,"方案","CNA","2000","利用/VC 机会/Na 向/P 居民/Na<br>简报/Na 未来/Nd 台北市/Nc 厨余/Na<br>回收/VC 推动/Nv <b>方案/Na</b><br>。/PERIODCATEGORY 他/Nh<br>表示/VE ,/COMMACATEGORY<br>下/Nes 一/Neu 阶段/Na 的/DE<br>垃圾/Na 政策/Na","TW"
"方案/Na/CNA_CMN_20010119_wpr/46043",0.0412984281043455,0.055014963834857,"方案","CNA","2001","就/D 加/VC 强/VH 双边/A 经济/Na<br>合作/VH 等/Cab 实质/Na 友好/VH<br>关系/Na <b>方案/Na</b> 、/PAUSECATEGORY<br>朝鲜半岛/Nc 与/Caa 非洲/Nc 情势/Na<br>等/Cab 相互/D 关切/VJ 事宜/Na<br>广泛/VH","TW"
"计划/Na/XIN_CMN_20001224_wpr/30701",0.0134456354718958,0.00183510747515079,"计划","XIN","2000","种/Nf 旅游/Na 服务/Na 等/Cab<br>。/PERIODCATEGORY 根据/VJ<br>新/VH 的/DE 旅游/Na 发展/Na<br><b>计划/Na</b> ,/COMMACATEGORY<br>尼加拉瓜/Nc 将/D 在/P 2001年/Nd<br>大/VH 力/Na 推动/VC 休假/Na<br>旅游/Na","ML"
"计划/Na/ZBN_CMN_20030513_wpr/6451",-0.0767147003648949,0.0225525414602813,"计划","ZBN","2003","打击/VC 交易/Na 气氛/Na 。/PERIODCATEGORY<br>这/Nep 导/VC 致/VL 发展商/Na<br>展延/VH 上市/VH <b>计划/Na</b><br>，/COMMACATEGORY 而/Cbb<br>有意/VL 置业/Na 的/DE 买主/Na<br>也/D 采取/VC 观望/Nv 的/DE","SG"
"计划/Na/XIN_CMN_20030528_wpr/56028",0.0400565532723858,-0.0058864180217401,"计划","XIN","2003","亚齐/Nb 运动/Na ”/PARENTHESISCATEGORY<br>。/PERIODCATEGORY 据/P<br>了解/VK ,/COMMACATEGORY<br>政府/Nc 制订/VC 的/DE <b>计划/Na</b><br>是/SHI 在/P 两/Neu 个/Nf<br>月/Na 内/Ncd 收复/VC 被/P<br>“/PARENTHESISCATEGORY<br>自由/Na","ML"
"计划/Na/ZBN_CMN_20001013_wpr/34808",0.0272311022139364,-0.0375226225243967,"计划","ZBN","2000","由于/Cbb 集团/Na 打算/Nv 长期/Na<br>在/P 美国/Na 发展/Na ，/COMMACATEGORY<br>无论/Cbb 竞标/VC <b>计划/Na</b><br>成功/VH 与否/T ，/COMMACATEGORY<br>新科/A 工程/Na 在/P 美国/Na<br>所/D 建立/VC 的/DE","SG"
"计划/Na/ZBN_CMN_20001028_wpr/9365",-0.00470013914779809,-0.0456125982643869,"计划","ZBN","2000","长途跋涉/VA 寻觅/VC 生命/Na 迹象/Na<br>的/DE 有/V_2 轮机/Na 车/Na<br>。/PERIODCATEGORY 火星/Na<br><b>计划/Na</b> 主任/Na 哈伯德/Nb<br>说/VE ，/COMMACATEGORY<br>经过/Na 修正/Nv 的/DE 这些/Neqa<br>计划/Na ，/COMMACATEGORY","SG"
"计划/Na/ZBN_CMN_20030711_wpr/58905",-0.0584328470992807,0.0136972211267333,"计划","ZBN","2003","。/PERIODCATEGORY 电盈/Nb<br>拟/VF 发/VD （/PARENTHESISCATEGORY<br>香港/Nc 讯/Na ）/PARENTHESISCATEGORY<br>电讯/Na 盈科/Na <b>计划/Na</b><br>发行/VC 5亿/Neu 美元/Nf （/PARENTHESISCATEGORY<br>8亿7000万/Neu 新元/Nb ）/PARENTHESISCATEGORY<br>10/Neu 年/Nf 期/Nf","SG"
"计划/Na/ZBN_CMN_20001211_wpr/32449",-0.0788120249942789,0.000415346506337058,"计划","ZBN","2000","澳洲/Nc 电讯/Na （/PARENTHESISCATEGORY<br>Telstra/FW ）/PARENTHESISCATEGORY<br>合资/VA 的/DE 三/Neu 家/Nf<br>公司/Nc <b>计划/Na</b> 在/P<br>一/Neu 年/Nf 内/Ng ，/COMMACATEGORY<br>各/Nes 向/P 公众/Na 发售/VC<br>10/Neu","SG"
"计划/Na/ZBN_CMN_20001220_wpr/11379",0.0345109938659862,-0.0327166297606555,"计划","ZBN","2000","，/COMMACATEGORY 瑞典/Nc<br>也/D 将/D 推行/VC 可/D 持续/VL<br>发展/Na 的/DE 环保/Na <b>计划/Na</b><br>，/COMMACATEGORY 将/D 注重/VJ<br>的/DE 方面/Na 包括/VK 天气/Na<br>课题/Na （/PARENTHESISCATEGORY<br>温室/Nc","SG"
"计划/Na/ZBN_CMN_20030519_wpr/44531",-0.0238990696526045,0.0322695999364664,"计划","ZBN","2003","段/Nc 等/Cab 项/Nf 目/Nf<br>加快/Nv 建设/Na 的/DE 资金/Na<br>和/Caa 节点/Na <b>计划/Na</b><br>；/SEMICOLONCATEGORY 从/P<br>技术/Na 储备/VC 、/PAUSECATEGORY<br>动/VAC 拆迁/VC 、/PAUSECATEGORY<br>资金/Na 、/PAUSECATEGORY","SG"
"计划/Na/XIN_CMN_20030421_wpr/54331",0.0316683741473182,0.00371613728947027,"计划","XIN","2003","将/D 公布/VE 拖/VC 延/VC 已/D<br>久/VH 的/DE “/PARENTHESISCATEGORY<br>路线图/Na ”/PARENTHESISCATEGORY<br><b>计划/Na</b> ,/COMMACATEGORY<br>以/Cbb 重新/D 启动/VC 中东/Nc<br>和平/Nc 进程/Na 。/PERIODCATEGORY<br>根据/VJ 法律/Na","ML"
"方案/Na/XIN_CMN_20001205_wpr/2102",-0.0102795976726425,0.0544845869390422,"方案","XIN","2000","事/Na 接受/VC 记者/Na 采访/VC<br>时/Ng 表示/VE ,/COMMACATEGORY<br>郑百文/Nb 资产/Na 重组/Nv <b>方案/Na</b><br>由/P 公司/Nc 董事会/Na 、/PAUSECATEGORY<br>债权人/Na 与/Caa 股东/Na 进行/VC<br>协商/Nv ,/COMMACATEGORY","ML"
"计划/Na/ZBN_CMN_20030922_wpr/86217",-0.0667709563065112,-0.0288773890601914,"计划","ZBN","2003","议席/Nc 的/DE 12/Neu 席/Nf<br>。/PERIODCATEGORY 住宅/Na<br>办公/VA 方兴未艾/VH 住宅/Na 办公/Nv<br><b>计划/Na</b> （/PARENTHESISCATEGORY<br>home-officescheme/FW<br>）/PARENTHESISCATEGORY<br>在/P 今年/Nd 6月/Nd 扩大/Nv<br>以来/Ng ，/COMMACATEGORY<br>政府/Na","SG"
"计划/Na/ZBN_CMN_20001028_wpr/26702",0.0619838153387292,0.0240616472835369,"计划","ZBN","2000","家庭/Na 团聚/VH 计划/Nv 和/Caa<br>朝鲜/Nc 经贸/Na 代表团/Na 访问/VC<br>汉城/Nc 的/DE <b>计划/Na</b><br>等/Cab 。/PERIODCATEGORY<br>就/D 在/P 奥尔布赖特/Nb 在/P<br>平壤/Nc 访问/Nv 期间/Na ，/COMMACATEGORY","SG"
"计划/Na/ZBN_CMN_20030704_wpr/80207",0.0110253615362743,0.00460609533611324,"计划","ZBN","2003","邀/VF 员工/Na 必须/VH 在/P<br>今天/Nd 决定/Na 是否/D 接受/VC<br>这/Nep 项/Nf <b>计划/Na</b><br>。/PERIODCATEGORY 新/VH<br>一/Neu 轮/Nf 家庭/Na 开支/Na<br>调查/Na 下/Nes 周/Nf 展开/VC","SG"
"计划/Na/XIN_CMN_20010127_wpr/25739",0.0537117449985266,0.00389294373997916,"计划","XIN","2001","。/PERIODCATEGORY 拉姆斯菲尔德/Nb<br>说/VE ,/COMMACATEGORY<br>布什/Nb 对/P 国家/Na 导弹/Na<br>防御/Nv 系统/Na <b>计划/Na</b><br>“/PARENTHESISCATEGORY<br>没/VJ 有/V_2 矛盾/Na 心理/Na<br>”/PARENTHESISCATEGORY<br>,/COMMACATEGORY “/PARENTHESISCATEGORY<br>打算/VF 部署/VC","ML"
"计划/Na/XIN_CMN_20030913_wpr/2028",0.039141781210102,0.00356583702777452,"计划","XIN","2003","不/D 遗/Nv 余力/Na 地/DE 推动/Nv<br>中东/Nc 和平/Nc “/PARENTHESISCATEGORY<br>路线图/Na ”/PARENTHESISCATEGORY<br><b>计划/Na</b> 的/DE 实施/Nv<br>。/PERIODCATEGORY 科威特/Nc<br>外交/Na 大臣/Na 萨巴赫/Nb 12日/Nd<br>在/P 一/Neu","ML"
"计划/Na/CNA_CMN_20010106_wpr/105311",0.0175881278582979,0.155277400285897,"计划","CNA","2001","要求/VF 海军/Nc 说明/Na 军售案/Na<br>筹画/VC 过程/Na 是否/D 依据/P<br>中长程/A 建军/Nv <b>计划/Na</b><br>研拟/Nv ,/COMMACATEGORY<br>绝对/D 会/D 看紧/VC 人民/Na<br>荷包/Na 。/PERIODCATEGORY<br>900106/Neu 印尼/Na","TW"
"计划/Na/XIN_CMN_20001031_wpr/51970",0.0561654900312507,-0.0758343634134019,"计划","XIN","2000","。/PERIODCATEGORY 近日/Nd<br>,/COMMACATEGORY 武汉市/Nc<br>、/PAUSECATEGORY 黄陂区/Nb<br>组织/VC 了/Di 这/Nep 场/Nf<br><b>计划/Na</b> 生育/Nv 宣传/Na<br>、/PAUSECATEGORY 科/Nf<br>技/Na 、/PAUSECATEGORY<br>药/Na 具/VJ “/PARENTHESISCATEGORY<br>三下乡/Nc","ML"
"方案/Na/CNA_CMN_20001004_wpr/79996",0.131473327094071,-0.00692297020104472,"方案","CNA","2000",",/COMMACATEGORY 完善/VH<br>的/DE 准备/Nv 与/Caa 训练/Na<br>,/COMMACATEGORY 以及/Caa<br>撤退/VA 的/DE <b>方案/Na</b><br>。/PERIODCATEGORY 在/P<br>这/Nep 场/Nf 九十/Neu 分钟/Nf<br>的/DE 辩论/Nv 中/Ng ,/COMMACATEGORY","TW"
"计划/Na/XIN_CMN_20030821_wpr/59885",0.0286354461863474,-0.00485104863137457,"计划","XIN","2003","和/Caa 优先/Nv 地位/Na 的/DE<br>发展/Na 计划/Na ”/PARENTHESISCATEGORY<br>。/PERIODCATEGORY 这/Nep<br>一/Neu <b>计划/Na</b> 涉及/VK<br>国际/Nc 田联/Nb 今后/Nd 采取/VC<br>的/DE 行动/Na 和/Caa 措施/Na<br>,/COMMACATEGORY","ML"
"计划/Na/ZBN_CMN_20001026_wpr/21222",-0.0139122092586942,-0.132028446083905,"计划","ZBN","2000","。/PERIODCATEGORY 据/P<br>介绍/Na ，/COMMACATEGORY<br>材料/Na 研究院/Nc 是/SHI 在/P<br>国家/Na 科研/Na <b>计划/Na</b><br>第一/Neu 期/Nf （/PARENTHESISCATEGORY<br>1991－1995/Neu 年/Nf ）/PARENTHESISCATEGORY<br>建立/VC 的/DE ，/COMMACATEGORY<br>它/Nh","SG"
"计划/Na/XIN_CMN_20010123_wpr/15037",0.0292217385776309,-0.00585809572202253,"计划","XIN","2001","中国/Nc 加入/VC 世界贸易组织/Na<br>,/COMMACATEGORY 以及/Caa<br>实施/Nv 新/VH 的/DE 五/Neu<br>年/Nf <b>计划/Na</b> 、/PAUSECATEGORY<br>推动/VC 西部大开发/Nb ,/COMMACATEGORY<br>对外/Na 贸易/Na 及/Caa 吸/VC<br>引/VL 外资/Na","ML"
"计划/Na/XIN_CMN_20001023_wpr/52517",0.184621336978517,-0.2137268592476,"计划","XIN","2000","测定/VC 分布/VH 在/P 人体/Na<br>内/Ncd 全部/Neqa DNA/FW<br>总和/Na 的/DE 人类基因组/Na <b>计划/Na</b><br>诞生/VA 了/Di 。/PERIODCATEGORY<br>它/Nh 包括/VK 分布/VH 在/P<br>细胞核/Na 23/Neu 对/Nf","ML"
"方案/Na/CNA_CMN_20001123_wpr/153904",0.0388227597982781,0.0499905953191386,"方案","CNA","2000","一/Neu ,/COMMACATEGORY<br>向/P 中央/Nc 提出/VC 收回/VC<br>香港/Nc 主权/Na 的/DE 具体/Nv<br><b>方案/Na</b> 。/PERIODCATEGORY<br>黄文放/VC 于/P 九二年/Nd 退休/VH<br>后/Ng ,/COMMACATEGORY<br>专注/Nv 政治/Na 评论/VC","TW"
"计划/Na/XIN_CMN_20030407_wpr/83358",-0.0480391039961581,-0.0667845235513107,"计划","XIN","2003","处长/Na 白韫六/Nb 表示/VE ,/COMMACATEGORY<br>虽然/Cbb 新/VH 的/DE 输入/Nv<br>内地/Nc 人才/Na <b>计划/Na</b><br>有待/VK 今年/Nd 7月/Nd 才/Da<br>正式/VH 展开/VC ,/COMMACATEGORY<br>但/Cbb 不少/VH 商业/Na","ML"
"方案/Na/ZBN_CMN_20030820_wpr/31800",0.0515585633918838,-0.00349951909639564,"方案","ZBN","2003","，/COMMACATEGORY 其/Nep<br>硬/VH 件/Nf 业务/Na 一直/D<br>被/P 称为/VG Palm/FW 解决/VC<br><b>方案/Na</b> 部门/Na ，/COMMACATEGORY<br>但/Cbb 在/P 剥离/VC 出/VC<br>操作/VC 软件/Na 业务/Na 并/D","SG"
"计划/Na/XIN_CMN_20001203_wpr/15618",0.0212322265966974,-0.0117243925277443,"计划","XIN","2000","年/Nf 计划/Na 之/DE 一/Neu<br>,/COMMACATEGORY 通过/Nv<br>实施/Nv “/PARENTHESISCATEGORY<br>九五/Neu ”/PARENTHESISCATEGORY<br><b>计划/Na</b> ,/COMMACATEGORY<br>我国/Nc 实现/VC 了/Di 现代化/Nv<br>建设/Na 第二/Neu 步/Nf 战略/Na<br>目标/Na","ML"
"方案/Na/CNA_CMN_20001005_wpr/109431",-0.00187434413855768,0.0330797770967447,"方案","CNA","2000","联盟/Na 的/DE 代表/Na 商讨/VE<br>租金/Na 补助/Na 延长/VC 发/Na<br>放/VC 的/DE <b>方案/Na</b><br>,/COMMACATEGORY 经过/Na<br>二/Neu 个/Nf 小时/Na 的/DE<br>热烈/Nv 讨论/Na ,/COMMACATEGORY<br>作成/VG","TW"
"计划/Na/XIN_CMN_20030518_wpr/21616",-0.000532752837018799,0.013669680105803,"计划","XIN","2003","(/PARENTHESISCATEGORY<br>相当于/VG 1%/b 香港/Nc 年度/Na<br>GDP/FW )/PARENTHESISCATEGORY<br>的/DE 紧急/Nv 救援/Nv <b>计划/Na</b><br>,/COMMACATEGORY 其中/Nep<br>就/D 包括/VK 动员/Nv 20/Neu<br>家/Nf 商业银/Nc 行/VA 参与/VC","ML"
"方案/Na/CNA_CMN_20001113_wpr/116519",0.0198807085291976,-0.00537153427600724,"方案","CNA","2000","教材/Na 与/Caa 教学/Nv 内容/Na<br>。/PERIODCATEGORY 在/VCP<br>教育部/Nc 推动/VC 人权/Na 教育/Na<br><b>方案/Na</b> 的/DE 其他/Neqa<br>策略/Na 中/Ng ,/COMMACATEGORY<br>还/D 拟建/VC 立人权/Na 教育/Na<br>资料库/Na","TW"
"计划/Na/ZBN_CMN_20030913_wpr/73605",0.0696836396031166,-0.0706384928802639,"计划","ZBN","2003","，/COMMACATEGORY 各/Nes<br>体育/Na 总会/Nc 本/Nes 身/Na<br>的/DE 青年/Na 运动员/Na 发展/Na<br><b>计划/Na</b> 也/D 非常/Dfa<br>重要/VH ，/COMMACATEGORY<br>只有/D 这样/VH 才能/Na 定期/D<br>培养出/VC 足/Na","SG"
"计划/Na/XIN_CMN_20001018_wpr/78709",-0.56431536320728,-0.123037633664856,"计划","XIN","2000","也/D 不甘示弱/VH ,/COMMACATEGORY<br>与/Caa 新疆/Nc 等/Cab 几/Neu<br>家/Nf 出版社商/Na 定/VC <b>计划/Na</b><br>出版/Nv 一/Neu 系列/Na 少数/Neqa<br>民族/Na 文化/Na 的/DE 丛书/Na<br>。/PERIODCATEGORY 国家/Na","ML"
"计划/Na/XIN_CMN_20030622_wpr/52017",0.0390550155351917,0.0108621456668798,"计划","XIN","2003","安曼/Nc 6月/Nd 22日/Nd 电/Na<br>综述/VE :/COLONCATEGORY<br>落实/VHC “/PARENTHESISCATEGORY<br>路线图/Na ”/PARENTHESISCATEGORY<br><b>计划/Na</b> 离不开国/Nc<br>际/Nd 合作/Na 新华社/Nc 记者/Na<br>邵杰/Nb 蒋少清/Nb 李骥志/Nb 中东/Nc<br>问题/Na","ML"
"计划/Na/ZBN_CMN_20030529_wpr/9464",-0.0417673766133737,0.147746502826633,"计划","ZBN","2003","将/P 小罗/Nb 的/DE 转会/Na<br>事宜/Na 全部/Neqa 敲定/VE ，/COMMACATEGORY<br>因为/Cbb 曼联/Nb <b>计划/Na</b><br>7月/Nd 9日/Nd 开始/VH 新/VH<br>赛季/Nb 的/DE 集训/Nv ，/COMMACATEGORY<br>他们/Nh 非常/A","SG"
"计划/Na/XIN_CMN_20001114_wpr/14260",-0.00252625580296465,0.00246884377625085,"计划","XIN","2000","所/D 最近/VH 的/DE 合并/Nv<br>、/PAUSECATEGORY 建议/VC<br>推行/VC 的/DE 存款/Na 保险/Na<br><b>计划/Na</b> ,/COMMACATEGORY<br>以及/Cbb 迈/VC 向/P 以/P 风险/Na<br>为/VG 本/Nes 的/DE 银行/Nc","ML"
"计划/Na/XIN_CMN_20030729_wpr/14271",0.0375001003526481,0.0309742441656258,"计划","XIN","2003","用/VC 电/Na 的/DE 前提/Na<br>下/Ng ,/COMMACATEGORY<br>落实/VHC 错峰/Nb 用/VC 电/Na<br><b>计划/Na</b> ;/SEMICOLONCATEGORY<br>确保/Nv 峰谷/Nc 电/Na 价/Na<br>调整/VC 方案/Na 8月/Nd 1日/Nd<br>按时/D","ML"
"计划/Na/ZBN_CMN_20030803_wpr/70480",0.020792093929849,-0.0299342282135388,"计划","ZBN","2003","后/Ng 的/DE 发展/Na ，/COMMACATEGORY<br>许/Nb 校长/Na 说/VE ，/COMMACATEGORY<br>首先/Cbb 学校/Nc <b>计划/Na</b><br>同/D 更多/VH 校/Nc 外/Ncd<br>的/DE 团体/Na 和/Caa 大专/Nc<br>学府/Nc 合作/VH","SG"
"方案/Na/XIN_CMN_20030417_wpr/45746",0.0108703091987861,-0.0838860544694909,"方案","XIN","2003",",/COMMACATEGORY 同时/Nd<br>提供/VC 了/Di 十/Neu 个/Nf<br>方面/Na 的/DE 推荐/Nv 治疗/Na<br><b>方案/Na</b> ,/COMMACATEGORY<br>如/P 发热/VH 超过/VJ 38.5/Neu<br>摄氏/Na 度/VCL 者/Na ,/COMMACATEGORY<br>可/D","ML"
"计划/Na/XIN_CMN_20030911_wpr/16759",0.0336717966343427,0.00522710659328665,"计划","XIN","2003","、/PAUSECATEGORY 环境/Na<br>保护/Nv 等/Cab 奥运/Nb 行动/Na<br>规划/Na 。/PERIODCATEGORY<br>北京市/Nc 发展/Na <b>计划/Na</b><br>委员会/Nc 委员/Na 柴/Na 晓钟/Nb<br>介绍/Na 说/VE ,/COMMACATEGORY<br>未来/Nd 几/Neu 年/Nf","ML"
"计划/Na/XIN_CMN_20030423_wpr/89761",-0.0337333185766606,0.0294759789361315,"计划","XIN","2003","石油/Na 将/D 输往/VC 巴士拉/Nb<br>附近/Nc 的/DE 储油/Na 罐/Nf<br>。/PERIODCATEGORY 按照/VJ<br><b>计划/Na</b> ,/COMMACATEGORY<br>美军/Na 将/D 尽快/D 清理/VC<br>输油管/Na 道/VE 附近/Nc 的/DE<br>炸弹/Na","ML"
"计划/Na/XIN_CMN_20030724_wpr/97391",0.00192666208010351,0.282281594035117,"计划","XIN","2003","包括/VK 双边/A 和/Caa 地区/Nc<br>自由/Na 贸易/Na 协议/VE 在内/VC<br>的/DE 综合性/Na <b>计划/Na</b><br>。/PERIODCATEGORY 目前/Nd<br>,/COMMACATEGORY 美/Nc<br>国/Nc 已/D 同/P 加拿大/Nc 、/PAUSECATEGORY<br>墨西哥/Nc","ML"
"计划/Na/ZBN_CMN_20001212_wpr/21548",0.0073654945666549,0.00760667473821546,"计划","ZBN","2000","或/Caa 理论/Na 根据/P 而言/Nd<br>，/COMMACATEGORY 皆/D 无法/D<br>说明/VE 这/Nep 项/Nf <b>计划/Na</b><br>能/D 促进/VK 国民/Na 团结/Nv<br>。/PERIODCATEGORY 他/Nh<br>希望/Na 马华/Na 将/D 设立/VC","SG"
"计划/Na/CNA_CMN_20001225_wpr/65227",-0.0240304637478097,-0.093807646327852,"计划","CNA","2000","四千余/Neu 家/Nf ,/COMMACATEGORY<br>显示出/VK 香港/Nc 社会/Na 看待/VC<br>「/PARENTHESISCATEGORY<br>长者/Na 咭/b <b>计划/Na</b><br>」/PARENTHESISCATEGORY<br>的/DE 心态/Na 已/D 有所/D 改变/VC<br>,/COMMACATEGORY 这/Nep<br>对/Nf 提升/Nv","TW"
"计划/Na/ZBN_CMN_20001209_wpr/33106",-0.0275843190256864,-0.082175666667082,"计划","ZBN","2000","动画/Na 的/DE 缘分/Na 始于/VJ<br>1986年/Nd 。/PERIODCATEGORY<br>当时/Nd ，/COMMACATEGORY<br>中央/Nc 电视台/Nc <b>计划/Na</b><br>推出/VC 动画片/Na ，/COMMACATEGORY<br>找来/VC 原本/D 从事/VJ 电视/Na<br>连续剧/Na 制作/VC 的/DE","SG"
"计划/Na/ZBN_CMN_20030707_wpr/69808",0.122399459938666,-0.0644077650835837,"计划","ZBN","2003","总数/Na 超过/VJ 400/Neu 人/Na<br>。/PERIODCATEGORY 吴亚利/Nb<br>说/VE ，/COMMACATEGORY<br>公司/Nc 目前/Nd <b>计划/Na</b><br>在/P 中国/Na 开展/VC 家具/Na<br>零售业/Na 务/D ，/COMMACATEGORY<br>目标/Na 市场/Nc 在/P","SG"
"计划/Na/CNA_CMN_20010106_wpr/44903",0.00977592173371223,-0.00499258919323018,"计划","CNA","2001","根据/P 预算法/Na 第五十四/Neu<br>条/Nf ,/COMMACATEGORY<br>中研院/Nc 人事/Na 及/Caa 原/A<br>研究/VC <b>计划/Na</b> 经费/Na<br>在/P 主计处/Nc 与/Caa 立法院长/Na<br>王金平/Nb 努力/VH 下/Ng ,/COMMACATEGORY<br>应该/D","TW"
"计划/Na/XIN_CMN_20001213_wpr/40107",0.0139288800196542,-0.0628173792019227,"计划","XIN","2000","的/DE 支持力/Na 度/VCL ,/COMMACATEGORY<br>在/P 高技术/Na 领域/Na 积极/VH<br>推进/VA 863/Neu <b>计划/Na</b><br>的/DE 实/Na 施/Nb ,/COMMACATEGORY<br>使/VL 我国/Nc 高技术/Na 研究/VC<br>在/P 世界/Nc","ML"
"方案/Na/XIN_CMN_20030411_wpr/65234",0.0440944443197483,0.0402300347143973,"方案","XIN","2003","的/DE 背景/Na 下/Ng ,/COMMACATEGORY<br>于/P 11日/Nd 提出/VC 一/Neu<br>个/Nf 和解/Nv <b>方案/Na</b><br>,/COMMACATEGORY 要/D 求/VF<br>以为/VE 伊拉克/Nc 儿童/Na 捐款/Na<br>一百万/Neu 欧元/Nb 的/DE","ML"
"计划/Na/XIN_CMN_20030517_wpr/59114",0.078633666559844,0.00994015129177031,"计划","XIN","2003","基础/VH 上/Ng 磋商/VE ,/COMMACATEGORY<br>形成/VG 中东/Nc 和平/Nc “/PARENTHESISCATEGORY<br>路线图/Na ”/PARENTHESISCATEGORY<br><b>计划/Na</b> ,/COMMACATEGORY<br>并/Cbb 在/P 2002年/Nd 12月/Nd<br>华盛顿/Nb 会议/Na 上/Ncd 通过/VC<br>。/PERIODCATEGORY","ML"
"计划/Na/XIN_CMN_20030821_wpr/23982",0.00950392198499011,-0.0432363186625928,"计划","XIN","2003","文部/Nc 科学/Na 大臣/Na 的/DE<br>咨询/VE 机构/Na ,/COMMACATEGORY<br>因而/Cbb 此次/Nh 长期/Na <b>计划/Na</b><br>不/D 包括/VK 经济/Na 产业省/Nc<br>、/PAUSECATEGORY 总务省/Nc<br>等/Cab 与/Caa 宇宙/Na 开发/VC","ML"
"计划/Na/XIN_CMN_20030616_wpr/58195",0.0224887369543865,-0.00994785779431684,"计划","XIN","2003","战机/Na 的/DE 高/VH 新/VH<br>技术/Na 。/PERIODCATEGORY<br>通过/Nv 实施/Nv 这/Nep 项/Nf<br><b>计划/Na</b> ,/COMMACATEGORY<br>法国/Na 将/P 保持/Nv 高/VH<br>水平/Na 的/DE 科技/Na 开发/VC<br>能力/Na","ML"
"计划/Na/ZBN_CMN_20030609_wpr/37844",-0.110306997223227,-0.00820225775849988,"计划","ZBN","2003","决定/Na 将/D 不会/D 显著/VH<br>影响/Nv SingSpring/FW 的/DE<br>业务/Na 或/Caa 融资/Na <b>计划/Na</b><br>。/PERIODCATEGORY 公司/Nc<br>也/D 可以/VH 考虑/Nv 让/VL<br>其他/Neqa 工程/Na 公司/Nc 及/Caa","SG"
"计划/Na/XIN_CMN_20030925_wpr/73066",0.047198936955293,0.039491329995294,"计划","XIN","2003","(/PARENTHESISCATEGORY<br>国际/Nc )/PARENTHESISCATEGORY<br>伊朗/Nc 称/VG 将/D 继续/VA<br>执行/VC 其/Nep 核/Na <b>计划/Na</b><br>新华社/Nc 联合国/Nc 9月/Nd 25日/Nd<br>电/Na 伊朗/Nc 外交部长/Na 卡迈勒/Nc<br>./FW 哈拉齐/Nb","ML"
"计划/Na/ZBN_CMN_20001022_wpr/10913",0.00165177760255597,0.00169477303700631,"计划","ZBN","2000","新/VH 计划/Na 将/D 在/P 明年/Nd<br>2月/Nd 生效/VH 。/PERIODCATEGORY<br>这/Nep 项/Nf <b>计划/Na</b><br>的/DE 对象/Na 是/SHI 2001/Neu<br>、/PAUSECATEGORY 2002/Neu<br>、/PAUSECATEGORY 2003/Neu<br>和/Caa 2004年/Nd","SG"
"计划/Na/XIN_CMN_20030503_wpr/66704",0.147266333490692,0.129797813594106,"计划","XIN","2003","3日/Nd 电/Na 波兰/Nc 总统/Na<br>克瓦希涅夫斯基/Nb 3日/Nd 表示/VE<br>,/COMMACATEGORY 波兰/Nc<br>政府/Na <b>计划/Na</b> 派遣/VF<br>一/Neu 支/Nf 至少/Da 1500/Neu<br>人/Na 的/DE 部队/Na 前往/VCL<br>伊拉克/Nc","ML"
"计划/Na/ZBN_CMN_20001101_wpr/7057",0.0626384607454991,-0.0210232838150265,"计划","ZBN","2000","停车/VA 的/DE 行为/Na 。/PERIODCATEGORY<br>他/Nh 说/VE ，/COMMACATEGORY<br>许多/Neqa 实施/Nv 试验性/Na<br><b>计划/Na</b> 的/DE 地区/Nc<br>，/COMMACATEGORY 公众/Na<br>对/P 非法/A 停车/VA 的/DE 投诉/Nv<br>大量/D","SG"
"计划/Na/ZBN_CMN_20030611_wpr/72686",-0.137829871399723,0.135020108419432,"计划","ZBN","2003","，/COMMACATEGORY 政府/Na<br>还是/D 会/D 保留/VC 原先/A 的/DE<br>小/VH 本/Nes 生意/Na <b>计划/Na</b><br>，/COMMACATEGORY 让/VL<br>人们/Na 不必/VH 申请/VC ，/COMMACATEGORY<br>也/D 可以/VH 在/P 家/Nc","SG"
"方案/Na/XIN_CMN_20030418_wpr/61053",0.0401691772974041,0.0143487975045315,"方案","XIN","2003","战争/Na 结束/Nv 后/Ng 开/VC<br>始/Nv 实施/Nv “/PARENTHESISCATEGORY<br>路线图/Na ”/PARENTHESISCATEGORY<br>和平/Nv <b>方案/Na</b> 。/PERIODCATEGORY<br>他/Nh 要求/Na 美国/Na 为/P<br>此/Nep 作出/VC 真正/D 、/PAUSECATEGORY<br>实际/VH","ML"
"计划/Na/CNA_CMN_20010113_wpr/62140",-0.01096146396109,0.064201199176347,"计划","CNA","2001","他/Nh 的/DE 十/Neu 年/Nf<br>减税/VA 一兆三千/Neu 万美/Nb<br>元/Nd 的/DE 减税/Nv <b>计划/Na</b><br>。/PERIODCATEGORY 民主党/Nb<br>担心/VK 小/VH 布希/Nb 的/DE<br>减税/Nv 计划/Na 代价/Na 太/Dfa","TW"
"计划/Na/ZBN_CMN_20001021_wpr/4385",0.0252803733870361,0.0363817168650307,"计划","ZBN","2000","例/Na ，/COMMACATEGORY<br>说明/VE 这/Nep 类/Nf 拟定/VC<br>发展/Na 指导/VC 原则/Na 的/DE<br><b>计划/Na</b> ，/COMMACATEGORY<br>有助于/VK 加强/VC 亚欧/Nb 国家/Na<br>的/DE 合作/VH 基础/VH 。/PERIODCATEGORY<br>亚欧/Nb","SG"
"方案/Na/CNA_CMN_20001024_wpr/40596",0.0108490118549827,0.0317156645164686,"方案","CNA","2000","招牌/Na 。/PERIODCATEGORY<br>劳工/Na 团体/Na 指出/VE ,/COMMACATEGORY<br>劳委会/Nc 提出/VC 的/DE 配套/VA<br><b>方案/Na</b> 将/D 使/VL<br>每/Nes 日工/Na 作/VG 十二/Neu<br>小时/Nf 成/VG 常态/Na ,/COMMACATEGORY","TW"
"计划/Na/XIN_CMN_20030504_wpr/11572",0.0820401457827093,0.0879733631993821,"计划","XIN","2003","家/Nf 三/Neu 口/Nf 达成/VC<br>了/Di 共识/Na ,/COMMACATEGORY<br>并且/Cbb 制订/VC 了/Di <b>计划/Na</b><br>,/COMMACATEGORY 假/VH<br>期/Nf 头/Na 两/Neu 天/Nf<br>我/Nh 给/VD 学生/Na 上课/VA","ML"
"计划/Na/XIN_CMN_20030806_wpr/6948",0.0893086113815805,0.0831540744876267,"计划","XIN","2003","并/Cbb 为/P 此/Nep 制订/VC<br>了/Di 《/PARENTHESISCATEGORY<br>反/VC 地雷/Na 全国/Nc 行动/Nv<br><b>计划/Na</b> 》/PARENTHESISCATEGORY<br>。/PERIODCATEGORY 同/Nes<br>一/Neu 年/Nf ,/COMMACATEGORY<br>智利/Nc 陆军/Na 在/P 与/P","ML"
"方案/Na/ZBN_CMN_20030827_wpr/31571",0.0378527481349619,-0.0334942989008267,"方案","ZBN","2003","是/SHI 专门/VH 为/VG 企业/Na<br>设计/Na 和/Caa 开发/VC 无线/A<br>通讯/Nv 解决/Nv <b>方案/Na</b><br>。/PERIODCATEGORY 此/Nep<br>次/Nf 收购/VC 它/Nh 的/DE<br>股权/Na ，/COMMACATEGORY<br>不会/D 影响到/VJ","SG"
"方案/Na/ZBN_CMN_20030430_wpr/24233",0.00283619647660465,-0.00530879722091209,"方案","ZBN","2003","都/D 在/P 谋/VC 划下/VC 周/Nb<br>推出/VC 支撑/VC 股市/Nc 的/DE<br>紧急/Nv <b>方案/Na</b> 。/PERIODCATEGORY<br>政府/Na 和/Caa 执政/Nv 联盟/Na<br>的/DE 首选/Na 方案/Na 是/SHI<br>暂时/A","SG"
"计划/Na/XIN_CMN_20030617_wpr/33331",0.0395208787000585,-0.0485482250916486,"计划","XIN","2003","训练/Na ,/COMMACATEGORY<br>摸索出/VC 一/Neu 套/Nf 有效/VH<br>提高/VC 成绩/Na 的/DE 训练/Na<br><b>计划/Na</b> ,/COMMACATEGORY<br>为/VG 今后/Nd 两/Neu 届/Nf<br>奥运会/Na 冲击/VC 奖牌/Na 作/VC<br>准备/VC","ML"
"计划/Na/ZBN_CMN_20001126_wpr/24630",0.0589584869833553,-0.00502873769834887,"计划","ZBN","2000","加强/VC 国家/Na 经济/Na 竞争力/Na<br>的/DE 主要/VH 因素/Na 。/PERIODCATEGORY<br>为了/P 确保/Nv <b>计划/Na</b><br>成功/Nc 推行/VC ，/COMMACATEGORY<br>亚细安/Nb 成员国/Na 将/D 尽力/VH<br>为/VG 有/V_2 需要/Na","SG"
"计划/Na/ZBN_CMN_20030815_wpr/41011",0.0495492583215099,0.0659455504685131,"计划","ZBN","2003","反导/VC 系统/Na （/PARENTHESISCATEGORY<br>华盛顿/Nb 路透电/Na ）/PARENTHESISCATEGORY<br>美国/Nc 国土/Na 安全部/Nc 拟定/VC<br><b>计划/Na</b> 探讨/Nv 为/VG<br>客机/Na 安装/VC 军事/Na 飞机/Na<br>反/VC 导弹/Na 系统/Na 的/DE","SG"
"计划/Na/ZBN_CMN_20030518_wpr/64105",-0.564537163575187,-0.0440755489995896,"计划","ZBN","2003","证/Na 。/PERIODCATEGORY<br>目前/Nd 有/V_2 一/Neu 家/Nf<br>医院/Nc 已/D 同意/VK 参加/VC<br><b>计划/Na</b> 。/PERIODCATEGORY<br>初/Ng 庭主簿官刘永钦/Nb 昨天/Nd<br>在/P 记者会/Na 上/Ncd 说/VE<br>，/COMMACATEGORY 目前/Nd","SG"
"方案/Na/CNA_CMN_20001207_wpr/36584",0.00356728101446076,-0.00877056426420808,"方案","CNA","2000","一千二百四十/Neu 公里/Nf 。/PERIODCATEGORY<br>据/P 指出/VE ,/COMMACATEGORY<br>东/Ncd 、/PAUSECATEGORY<br>中线/Na 工程/Na <b>方案/Na</b><br>将/D 报/VC 中共/Nb 国务院/Nc<br>审批/VC ,/COMMACATEGORY<br>列入/VJ 「/PARENTHESISCATEGORY<br>十五/Neu 规划/Na","TW"
"计划/Na/ZBN_CMN_20030704_wpr/13736",-0.0216856851038211,-0.0150926059191546,"计划","ZBN","2003","实际/VH 的/DE 计划/Na 。/PERIODCATEGORY<br>你/Nh 也/D 必须/VH 自律/VA<br>的/DE 按/VC <b>计划/Na</b><br>进行/VC ，/COMMACATEGORY<br>而且/Caa 必须/VH 在/P 生活/Na<br>方式/Na 上/Ncd 作出/VC 改变/Na","SG"
"计划/Na/ZBN_CMN_20010118_wpr/6028",0.0109211404935966,0.0205785950072674,"计划","ZBN","2001","导弹/Na 射程/Na 顶/Ncd 限/VJ<br>。/PERIODCATEGORY 韩国/Nc<br>官方/Na 没有/D 透露/VE 导弹/Na<br><b>计划/Na</b> 的/DE 详情/Na<br>，/COMMACATEGORY 但/Cbb<br>联合/VC 通讯社/Nc 说/VE ，/COMMACATEGORY<br>韩国/Nc 计划/Na","SG"
"方案/Na/XIN_CMN_20030616_wpr/17970",-0.00211737640844478,-0.0080869168887636,"方案","XIN","2003","1日/Nd 发布/VE 以来/Ng 的/DE<br>第二/Neu 次/Nf 调整/VC 。/PERIODCATEGORY<br>根据/P 调整/VC <b>方案/Na</b><br>,/COMMACATEGORY 南京/Nc<br>高科/Nb 、/PAUSECATEGORY<br>葛洲坝/Na 、/PAUSECATEGORY<br>云天/Na 化/VHC 等/Cab 18/Neu","ML"
"计划/Na/XIN_CMN_20001016_wpr/13127",-0.00334052069022105,-0.0138611867168495,"计划","XIN","2000","对/P 非/A 生活/Na 用水/Na 继续/Nv<br>实行/Nv 计划/Na 用水/Na 以及/Caa<br>超/A <b>计划/Na</b> 加价/VA<br>收费/VD 的/DE 制度/Na ,/COMMACATEGORY<br>严格/VH 控制/VC 桑拿/Na 洗浴业/Na<br>和/Caa","ML"
"计划/Na/XIN_CMN_20030513_wpr/48926",0.15290547241393,0.0337423141910972,"计划","XIN","2003","印度/Nc 就/D 所有/VI 悬而未决/VH<br>的/DE 问题/Na 进/VCL 行/Nf<br>对话/Nv 的/DE <b>计划/Na</b><br>。/PERIODCATEGORY 拉希德/Nb<br>强调/VE ,/COMMACATEGORY<br>巴印/Nb 在/P 未来/Nd 的/DE<br>对话/Nv 中/Ng","ML"
"方案/Na/XIN_CMN_20030721_wpr/15346",0.0181471131459172,-0.0730224918261957,"方案","XIN","2003","高效/D 率/VF 、/PAUSECATEGORY<br>零/Neu 差错/Na ”/PARENTHESISCATEGORY<br>为/VG 目标/Na 的/DE 工作/Na<br><b>方案/Na</b> ,/COMMACATEGORY<br>在/P 周水子/Nb 国际/Nc 机场/Nc<br>专门/VH 开辟/Nv 了/Di 供/VF<br>副部长级/Na","ML"
"计划/Na/XIN_CMN_20001121_wpr/9084",-0.0793012786680915,0.0865288908365888,"计划","XIN","2000","将/D 会/D 进一步/D 强化/VHC<br>。/PERIODCATEGORY 吴光正/Nb<br>透露/VE ,/COMMACATEGORY<br>香港/Nc 贸发局/Nc <b>计划/Na</b><br>在/P 今年/Nd 12月/Nd 在/P<br>西/Ncd 安设/VC 立/VC 一/Neu<br>个/Nf 新/VH","ML"
"计划/Na/CNA_CMN_20030810_wpr/1771",0.151266209409387,0.38089718862929,"计划","CNA","2003","没有/V_J 迹象/Na 显示/Nv 这些/Neqa<br>身份/Na 有/V_2 问题/Na 的/DE<br>古巴人/Na 正/D <b>计划/Na</b><br>在/P 卡斯楚/Nb 来访/VA 时/Ng<br>做出/VC 什么/Nep 不利/VK 的/DE<br>举动/Na 。/PERIODCATEGORY","TW"
"计划/Na/CNA_CMN_20001207_wpr/8261",-0.00909010256569865,-0.00686305356603378,"计划","CNA","2000","重点/Na 。/PERIODCATEGORY<br>温家宝/Nb 同时/Nd 还/D 指出/VE<br>﹐/COMMACATEGORY 做好/VC<br>「/PARENTHESISCATEGORY<br>十五/Neu <b>计划/Na</b> 」/PARENTHESISCATEGORY<br>编制/VC 工作/Nv 和/Caa 明年/Nd<br>的/DE 经济/Na 工作/VA ,/COMMACATEGORY<br>要/D","TW"
"计划/Na/XIN_CMN_20010109_wpr/28406",-0.0583858467626392,-0.178814390293628,"计划","XIN","2001","1月/Nd 9日电/Na 记者/Na 从/P<br>中国人/Na 民/Na 银行/Nc 获悉/VK<br>,/COMMACATEGORY 2001年/Nd<br><b>计划/Na</b> 发行/VC 的/DE<br>金银/Na 纪念币/Na 共有/VJ 9/Neu<br>个/Nf 项目/Na ,/COMMACATEGORY<br>36/Neu","ML"
"计划/Na/XIN_CMN_20030512_wpr/63847",0.0502666350630884,0.000167681894905935,"计划","XIN","2003",")/PARENTHESISCATEGORY<br>鲍威尔/Nb 敦促/VF 以/P 巴/Nc<br>尽快/D 启动/VC “/PARENTHESISCATEGORY<br>路线图/Na ”/PARENTHESISCATEGORY<br><b>计划/Na</b> 新华社/Nc 开罗/Nc<br>5月/Nd 12日/Nd 电/Na (/PARENTHESISCATEGORY<br>记者/Na 邵杰/Nb )/PARENTHESISCATEGORY<br>正在/D","ML"
"计划/Na/ZBN_CMN_20010114_wpr/23148",0.0362093092680243,-0.0526198781610989,"计划","ZBN","2001","系列/Na 辅助/VC 活动/Na 。/PERIODCATEGORY<br>她/Nh 说/VE ：/COLONCATEGORY<br>“/PARENTHESISCATEGORY<br>品格/Na 培养/VC <b>计划/Na</b><br>将/D 能/D 让/VL 工商/A 小学/Nc<br>在/P 推展/VB 这些/Neqa 活动/Na<br>时/Ng","SG"
"计划/Na/ZBN_CMN_20030703_wpr/65286",-0.0147796489519413,-0.0203793871491482,"计划","ZBN","2003","自/P 雇培训/VC 计划/Na 于/P<br>去年/Nd 4月/Nd 推出/VC 的/DE<br>自雇/Na 培训/VC <b>计划/Na</b><br>（/PARENTHESISCATEGORY<br>Self/FW EmploymentTraininrogramme/FW<br>）/PARENTHESISCATEGORY<br>已/D 进入/VCL 第二/Neu 阶段/Na<br>，/COMMACATEGORY 预计/VE","SG"
"计划/Na/ZBN_CMN_20030606_wpr/71057",0.0221286483158693,-0.0177018295984335,"计划","ZBN","2003","岁/Nf 至/P 19/Neu 岁/Nf<br>的/DE 发展/Na 计划/Na 。/PERIODCATEGORY<br>这/Nep 套/Nf <b>计划/Na</b><br>显示/VK 了/Di 他/Nh 对/P 青少年/Na<br>的/DE 身体/Na 发展/Na 情况/Na<br>、/PAUSECATEGORY","SG"
"计划/Na/CNA_CMN_20001213_wpr/116763",0.015393661128486,0.0828026018799887,"计划","CNA","2000","的/DE 这些/Neqa 牛只/Na 从/P<br>食物链/Na 中/Ng 移除/VC 。/PERIODCATEGORY<br>这/Nep 项/Nf <b>计划/Na</b><br>涉及/VK 销燬/VC 所有/Nv 二/Neu<br>岁/Nf 半/Neqa 以上/Ng 且/Cbb<br>尚未/D 经过/VC","TW"
"计划/Na/XIN_CMN_20030410_wpr/54021",0.110003841814907,-0.0400977608366835,"计划","XIN","2003","日前/Nd ,/COMMACATEGORY<br>美国/Nc 军方/Na 人士/Na 证实/VE<br>,/COMMACATEGORY 五/Neu<br>角/Nf 大楼/Na <b>计划/Na</b><br>将/P 美国/Na 反恐/VA 战争/VA<br>的/DE 大部分/Neqa 指挥权/Na<br>交给/VD 特种/A 部队/Na","ML"
"计划/Na/ZBN_CMN_20030913_wpr/72185",-0.00538611218263811,-0.0672149458688868,"计划","ZBN","2003","争/Nv 对手/Na 有/V_2 休假日/Na<br>吗/T ？/QUESTIONCATEGORY<br>看到/VC 这样/VH 的/DE 宣传/Na<br><b>计划/Na</b> ，/COMMACATEGORY<br>他们/Nh 一定/D 会/D 推出/VC<br>应对计/Nb 划/VC 。/PERIODCATEGORY<br>这/Nep 是/SHI","SG"
"计划/Na/CNA_CMN_20001026_wpr/13957",-0.0610762829977592,-0.0413575386906075,"计划","CNA","2000","地区/Nc 雅鲁藏布江/Nb 等/Cab<br>水源/Na 引入/VC 大陆/Nc 北方/Ncd<br>干旱/VH 地区/Nc ﹐/COMMACATEGORY<br><b>计划/Na</b> 最/Dfa 快/D<br>将/D 在/P 二○○九年/Nd 后/Ng<br>开工/VH 兴建/VC ﹐/COMMACATEGORY<br>估计/Nv","TW"
"方案/Na/CNA_CMN_20001128_wpr/145443",-0.0448759000337517,-0.0255497548784999,"方案","CNA","2000",",/COMMACATEGORY 及/Caa<br>一/Neu 年/Nf 二千五百/Neu 元/Nf<br>不/D 限/VJ 时数/Na 优惠/Nv<br><b>方案/Na</b> ;/SEMICOLONCATEGORY<br>在/P 拨接/VC 月/Na 付制/Na<br>用户/Na 方面/Na ,/COMMACATEGORY<br>也/D 推出/VC","TW"
"计划/Na/XIN_CMN_20030902_wpr/34356",0.107782999321427,-0.072447058432056,"计划","XIN","2003","”/PARENTHESISCATEGORY<br>全/Nb 称为/VG “/PARENTHESISCATEGORY<br>中国/Nc 儿童/Na 少年/Na 安全/Na<br>健康/VH 成长/VH <b>计划/Na</b><br>”/PARENTHESISCATEGORY<br>,/COMMACATEGORY 是/SHI<br>中国/Na 儿童/Na 少年/Na 基金会/Nc<br>于/P 2000年/Nd 5月/Nd","ML"
"计划/Na/XIN_CMN_20030721_wpr/51371",0.12157517431703,0.134840524238782,"计划","XIN","2003","派遣/VF 军队/Na 。/PERIODCATEGORY<br>但/Cbb 美国/Na 迄/P 今/Nd<br>没有/D 宣布/VE 出兵/Nv <b>计划/Na</b><br>。/PERIODCATEGORY (/PARENTHESISCATEGORY<br>体育/Na )/PARENTHESISCATEGORY<br>世界/Nc 女排/Na 大奖赛/Na 中国/Na<br>女排/Na 首/Nes","ML"
"计划/Na/ZBN_CMN_20030818_wpr/50765",0.0427995521095765,-0.0131229540249847,"计划","ZBN","2003","再/D 提出/VC 发展/Na “/PARENTHESISCATEGORY<br>第三万/Neu 亿/Neu 元/Nf ”/PARENTHESISCATEGORY<br>新台币/Na 产业/Na <b>计划/Na</b><br>，/COMMACATEGORY 整合/Nv<br>移动通信/Nb 和/P 无线/A 区域/Na<br>网络/Na 优势/Na 。/PERIODCATEGORY<br>经建会/Nc","SG"
"计划/Na/XIN_CMN_20030824_wpr/13545",0.0260298149052419,-0.119433466274858,"计划","XIN","2003","被/P 人/Na 口/Nf 增长/VHC<br>抵消/VC 。/PERIODCATEGORY<br>卢中原/Nb 分析/Na ,/COMMACATEGORY<br>虽然/Cbb <b>计划/Na</b> 生育/Nv<br>减缓/VC 了/Di 人口/Na 增长/Nv<br>,/COMMACATEGORY 但/Cbb<br>由于/Cbb 中国/Nc 人口/Na","ML"
"计划/Na/ZBN_CMN_20001013_wpr/2399",0.0102970976049134,0.00284096850059531,"计划","ZBN","2000","项/Nf 天然气/Na 管道/Na 计划/Na<br>是/SHI 一/Neu 项/Nf 舍近求远/VA<br>的/DE 非理性/Na <b>计划/Na</b><br>，/COMMACATEGORY 是/SHI<br>否/T 能够/D 实施/Nv 到底/D ，/COMMACATEGORY<br>那/Dk 就/D 要/D","SG"
"方案/Na/CNA_CMN_20001114_wpr/115052",0.00718687923045836,-0.0187791670270315,"方案","CNA","2000","从/P 无线/A 上网/VA 平台/Na<br>建置/VC 、/PAUSECATEGORY<br>行/VA 动/VAC 办公室/Nc 解决/VC<br><b>方案/Na</b> 至/Caa 企业/Na<br>简讯/Na 服务/Na 应用/Na ,/COMMACATEGORY<br>都/D 是/SHI 致力/VL 发展/Na","TW"
"计划/Na/ZBN_CMN_20030818_wpr/40897",0.0433544453724372,0.100044615388729,"计划","ZBN","2003","详情/Na ，/COMMACATEGORY<br>更/Dfa 没有/D 提到/VC 是否/D<br>有/V_2 涉及/VK 恐怖/VH 袭击/VC<br><b>计划/Na</b> 的/DE 卡伊达/Nb<br>组/Nc 织/VC 成员/Na 落网/VH<br>。/PERIODCATEGORY 伊朗/Nc<br>声称/VE 它/Nh","SG"
"方案/Na/XIN_CMN_20001014_wpr/45851",0.0215462785776142,0.00828745848282759,"方案","XIN","2000","负责/Nv 人/Na 说/VE ,/COMMACATEGORY<br>目前/Nd 上海/Na 正在/D 制定/VC<br>一/Neu 项/Nf <b>方案/Na</b><br>,/COMMACATEGORY 根据/VJ<br>水/Na 的/DE 不同/Na 用途/Na<br>确/D 定/VC 不同/Na 价位/Na","ML"
"计划/Na/XIN_CMN_20001006_wpr/9538",0.0843658686734328,-0.0516561278713058,"计划","XIN","2000",",/COMMACATEGORY 市场/Nc<br>经济/Na 的/DE 艺术/Na 发展/Na<br>,/COMMACATEGORY 必须/Nv<br>改变/Na 传统/Na <b>计划/Na</b><br>经济/Na 的/DE 资源/Na 配置/VC<br>模式/Na ,/COMMACATEGORY<br>以/P 面向/Na 观众/Na 需求/Na","ML"
"计划/Na/XIN_CMN_20001018_wpr/40817",-0.000186456280677752,0.00297208084757707,"计划","XIN","2000","2010年/Nd 还清/VC 所有/Nv<br>国债/Na ,/COMMACATEGORY<br>推行/VC 有/V_2 目标/Na 的/DE<br>减税/Nv <b>计划/Na</b> ,/COMMACATEGORY<br>扩大/Nv 医疗/Na 保险/Na 的/DE<br>范围/Na ,/COMMACATEGORY<br>将/P 预算/Na 盈余/Na","ML"
"方案/Na/XIN_CMN_20030825_wpr/22182",-0.0357782896657024,-0.103974418110234,"方案","XIN","2003","的/DE 起因/Na 是/SHI 政/Na<br>府/Na 将要/D 推出/VC 新/VH<br>的/DE 养老金/Na <b>方案/Na</b><br>。/PERIODCATEGORY 因为/Cbb<br>现在/Nd 的/DE 年轻人/Na 都/D<br>不/D 愿意/VK 生/VC 孩子/Na","ML"
"计划/Na/XIN_CMN_20010126_wpr/26256",-0.0608939312451867,-0.0858625360270124,"计划","XIN","2001","设备/Na 往返/Nv 火/Na 星/Na<br>与/Caa 空间/Na 站/VA 之间/Ng<br>。/PERIODCATEGORY 按/P<br><b>计划/Na</b> ,/COMMACATEGORY<br>空/VHC 间站/Nc 各/Nes 组件/Na<br>将/D 由/P 已经/D 过多/VH 次/Nf","ML"
"方案/Na/CNA_CMN_20001221_wpr/88169",-0.0490058207935384,-0.0598212744477145,"方案","CNA","2000","「/PARENTHESISCATEGORY<br>寒冬/Nd 」/PARENTHESISCATEGORY<br>已经/D 来临/VA ,/COMMACATEGORY<br>因此/Cbb 各/Nes 种/Nf 促销/VC<br><b>方案/Na</b> 将/D 源源不断/VH<br>推出/VC ,/COMMACATEGORY<br>消费者/Na 可以/VH 好好/VH 利用/VC<br>。/PERIODCATEGORY 饭店/Nc","TW"
"计划/Na/CNA_CMN_20010110_wpr/14697",0.123632143790155,0.0684934408587831,"计划","CNA","2001","欧/Nc 的/DE 传统/Na 美军/Na<br>部队/Na 与/Caa 更改/Nv 美国/Na<br>飞弹/Na 防御/Nv <b>计划/Na</b><br>等/Cab 「/PARENTHESISCATEGORY<br>在/P 许/Nb 多方面/A 都/D 是/SHI<br>美国/Na 重要/VH 外/Ng","TW"
"计划/Na/XIN_CMN_20001008_wpr/58414",-0.0299088968167258,-0.0882795877547392,"计划","XIN","2000","大学/Nb 招生/VA 办/VC 的/DE<br>张荣功/Nb 告诉/Na 记者/Na ,/COMMACATEGORY<br>学校/Nc 今年/Nd <b>计划/Na</b><br>招生/VA 1200/Neu 人/Na ,/COMMACATEGORY<br>报名/VA 的却/D 有/V_2 2500多/Neu<br>人/Na 。/PERIODCATEGORY","ML"
"计划/Na/XIN_CMN_20030915_wpr/33489",0.0574516706657381,0.0015396700269105,"计划","XIN","2003","电气/Na 设备/Na 制造/Na 企业/Na<br>推行/VC 清/Nd 洁/VH 生产/VC<br>,/COMMACATEGORY 有/V_2<br><b>计划/Na</b> 、/PAUSECATEGORY<br>分/Nf 步骤/Na 淘汰/Nv 铅/Na<br>、/PAUSECATEGORY 汞/Na<br>、/PAUSECATEGORY 镉/Na<br>、/PAUSECATEGORY","ML"
"计划/Na/ZBN_CMN_20030703_wpr/23519",-0.0411569612287256,-0.0290662951052305,"计划","ZBN","2003","位/Nf 的/DE 项目/Na 预计/VE<br>在/P 明年/Nd 推出/VC 。/PERIODCATEGORY<br>至于/Caa 职总安居/Na <b>计划/Na</b><br>向/P 政府/Na 购买/VC 的/DE<br>宏茂桥/Nc 中心/Nc 霸型/Na 商场/Nc<br>土地/Na ，/COMMACATEGORY","SG"
"计划/Na/XIN_CMN_20030826_wpr/27673",0.109164630157066,0.150703736197295,"计划","XIN","2003","。/PERIODCATEGORY 由于/Cbb<br>塞浦路斯/Nc 土族/Na 领导人/Na<br>登克塔什/Nb 不/D 同意/VK 就/P<br>安南/Nc <b>计划/Na</b> 进行/VC<br>全民/Na 公决/Na ,/COMMACATEGORY<br>由/P 联合国/Nc 主导/VC 的/DE<br>塞浦路斯/Nc 问题/Na","ML"
"方案/Na/CNA_CMN_20001222_wpr/38858",0.0168894247831981,0.00426860966759543,"方案","CNA","2000","他/Nh 指出/VE ,/COMMACATEGORY<br>根据/P 陆委会/Nc 规划/Na 的/DE<br>小/VH 三通/Na 推动/VC <b>方案/Na</b><br>,/COMMACATEGORY 「/PARENTHESISCATEGORY<br>试办/VC 金门/Nc 马祖/Nc 与/Caa<br>大陆/Nc 地区/Nc 通航/Nv 实施/Nv","TW"
"计划/Na/XIN_CMN_20010111_wpr/49918",0.017371501228382,-0.00553558010073622,"计划","XIN","2001","最近/Nd 几年/Nd 来/D ,/COMMACATEGORY<br>中科院/Nc 执行/VC 了/Di “/PARENTHESISCATEGORY<br>百/Neu 人/Na <b>计划/Na</b><br>”/PARENTHESISCATEGORY<br>等/Cab 一/Neu 系列/Na 人才/Na<br>计划/Na ,/COMMACATEGORY<br>发现/VE 、/PAUSECATEGORY<br>吸引/Nv","ML"
"计划/Na/XIN_CMN_20030828_wpr/24004",-0.0115360821185414,-0.0416754952053377,"计划","XIN","2003","美国/Nc 纽约州/Nc 注册/VA 。/PERIODCATEGORY<br>陕西/Nc 学校/Nc 改进/VC 项目/Na<br>是/SHI 国际/Nc <b>计划/Na</b><br>在/P 陕西/Nc 的/DE 一/Neu<br>个/Nf 新/VH 的/DE 赠款/Na<br>项目/Na 。/PERIODCATEGORY","ML"
"计划/Na/ZBN_CMN_20010102_wpr/34188",-0.0983154508486464,-0.0141130232625939,"计划","ZBN","2001","他/Nh 说/VE ，/COMMACATEGORY<br>最/Dfa 高一元/Nb 对/P 一/Neu<br>元/Nf 的/DE 津贴/Na <b>计划/Na</b><br>，/COMMACATEGORY 将/D 使/VL<br>该/D 会/D 在/P 筹得/VC 15万/Neu<br>元/Nf 赞助/Nv","SG"
"方案/Na/CNA_CMN_20010130_wpr/39698",-0.0484899400198706,0.311661017487114,"方案","CNA","2001","经济/Na 合作/VH 关系/Na 。/PERIODCATEGORY<br>」/PARENTHESISCATEGORY<br>900130/Neu 张博雅/Nb 表示/VE<br>中兴新村/Nc 发展/Na <b>方案/Na</b><br>还/D 未定案/Na ︵/FW 中央社/Nc<br>记者/Na 李钖璋/Nb 中兴新村/Nc<br>三十日电/Na ︶/FW 中兴新村/Nc","TW"
"计划/Na/CNA_CMN_20001111_wpr/39664",-0.0697947435687774,0.0411029864660211,"计划","CNA","2000","决定/Na ,/COMMACATEGORY<br>但/Cbb 对于/P 属于/VG BOT/FW<br>案/Na 的/DE 高铁/Na 兴建/VC<br><b>计划/Na</b> ,/COMMACATEGORY<br>政府/Na 仍/D 将/D 全力/D 协助/VC<br>,/COMMACATEGORY 为/VG<br>重大/VH 经建/Na","TW"
"方案/Na/CNA_CMN_20001215_wpr/73533",-0.00261599875856187,0.04779924916218,"方案","CNA","2000","致力/VL 研/VE 究/D 协助/VC<br>中小型/Na 企业/Na 发展/Na 的/DE<br>长远/VH 可行性/Na <b>方案/Na</b><br>。/PERIODCATEGORY 891215/Neu<br>花莲/Nc 高分院/Nc 更审/VC 裁定/Nv<br>金盾案/Na 检方/Na 上诉/VC 逾期/VH","TW"
"计划/Na/ZBN_CMN_20030930_wpr/45795",0.0469401459480756,-0.0152295847127933,"计划","ZBN","2003","。/PERIODCATEGORY 他/Nh<br>说/VE ：/COLONCATEGORY<br>“/PARENTHESISCATEGORY<br>我/Nh 明白/VH 到/P 这/Nep<br>项/Nf <b>计划/Na</b> 在/P<br>过去/Nd 面对/VC 的/DE 困难/Na<br>，/COMMACATEGORY 包括/VK<br>因为/Cbb 金融/Na 风暴/Na","SG"
"计划/Na/CNA_CMN_20001127_wpr/138530",-0.00669854263802053,0.00839608711507511,"计划","CNA","2000","里/Ncd 上/Ncd 需要/Na 一段/Nc<br>适应期/Na ,/COMMACATEGORY<br>以/P 确保/Nv 该/Nes 积金/Na<br><b>计划/Na</b> 顺利/VH 实行/VC<br>。/PERIODCATEGORY 他/Nh<br>说/VE ,/COMMACATEGORY<br>港府/Nc 考虑到/VE 基层/Na 市民/Na","TW"
"计划/Na/XIN_CMN_20030704_wpr/26233",-0.0186161702514625,0.0472133184346753,"计划","XIN","2003","平和/VH 加强/VC 希土/Na 两/Neu<br>族/Na 贸易/Na 往来/VA 一/D<br>揽子/VC 经济/Na <b>计划/Na</b><br>的/DE 一部分/Neu 。/PERIODCATEGORY<br>舆论/Na 认为/VE ,/COMMACATEGORY<br>该/Nes 议案/Na 的/DE 通过/Nv","ML"
"方案/Na/XIN_CMN_20030604_wpr/47892",0.0204245239210327,-0.0479697139050974,"方案","XIN","2003","下/Ng ,/COMMACATEGORY<br>一/Neu 套/Nf 行/VH 之/DE<br>有效/VH 的/DE 非典/Na 治疗/Na<br><b>方案/Na</b> 被/P 逐步/D<br>摸索出/VC 来/D ,/COMMACATEGORY<br>并/Cbb 成为/VG 通用/Nv 的/DE<br>救治/Nv","ML"
"计划/Na/CNA_CMN_20030501_wpr/10963",0.0674911003815786,0.0685123959664032,"计划","CNA","2003","，/COMMACATEGORY 欧盟/Nb<br>四国/Nc 领袖/Na 在/P 会/Na<br>中/Ng 明指/Na 提出/VC 的/DE<br><b>计划/Na</b> 是/SHI 为/P<br>达到/VJ 强化/VHC 北约/Nb 组织/Na<br>中/Ncd 欧洲/Nc 本体/Na 色彩/Na","TW"
"计划/Na/XIN_CMN_20030418_wpr/64432",0.0102000456929716,0.00520916794770112,"计划","XIN","2003","台/Nf 了/Di 一/Neu 项/Nf<br>国家/Na 经济/Na 复苏/VH 计划/Na<br>,/COMMACATEGORY 该/Nes<br><b>计划/Na</b> 把/P 农业/Na<br>列为/VG 重要/VH 部分/Na ,/COMMACATEGORY<br>因为/Cbb 津/Nc 巴布韦/Nb 人/Na","ML"
"计划/Na/XIN_CMN_20001115_wpr/36519",0.0580766829531477,-0.0651161168522051,"计划","XIN","2000","明确/VH 指出/VE ,/COMMACATEGORY<br>实/D 施/VC 国家/Na “/PARENTHESISCATEGORY<br>学生/Na 饮用/VC 奶/Na <b>计划/Na</b><br>”/PARENTHESISCATEGORY<br>,/COMMACATEGORY 必须/Nv<br>坚持/Nv “/PARENTHESISCATEGORY<br>安全/VH 、/PAUSECATEGORY<br>营养/VH 、/PAUSECATEGORY<br>方/Ncd","ML"
"计划/Na/XIN_CMN_20001212_wpr/68993",-0.0810178548104636,-0.0576958659470191,"计划","XIN","2000","将/D 从/P 原来/A 的/DE 烧煤/Na<br>改成/VG 使用/Na 天然气/Na 。/PERIODCATEGORY<br>北京/Nc <b>计划/Na</b> 在/P<br>城/Na 北/Ncd 建设/Na 一/Neu<br>座/Nf 1215/Neu 公顷/Nf 的/DE<br>奥林匹克/Nc","ML"
"计划/Na/XIN_CMN_20030416_wpr/80376",0.0208908120122519,0.0534798946990466,"计划","XIN","2003","布什/Nb 打击/VC 最/Dfa 大/VH<br>的/DE 还是/D 他/Nh 的/DE 大规模/Na<br>减税/Nv <b>计划/Na</b> 在/P<br>国会/Nc 受阻/VH 。/PERIODCATEGORY<br>布什/Nb 年初/Nd 提出/VC 了/Di<br>一/Neu 个/Nf","ML"
"计划/Na/ZBN_CMN_20030804_wpr/79009",0.0809861575178599,-0.0669646529275929,"计划","ZBN","2003","暑假/Nd 回/VCL 老家/Nc 吗/T<br>？/QUESTIONCATEGORY ”/PARENTHESISCATEGORY<br>“/PARENTHESISCATEGORY<br>暑假/Nd 有/V_2 什么/Nep <b>计划/Na</b><br>吗/T ？/QUESTIONCATEGORY<br>”/PARENTHESISCATEGORY<br>各/Nes 媒体/Na 都/D 天天/D<br>播放/VC 报道/Na 暑假/Nd","SG"
"计划/Na/XIN_CMN_20030912_wpr/77791",0.0811552692100976,0.067060380783878,"计划","XIN","2003","以色列/Nc 放弃/VC 驱逐/VC 巴勒斯坦/Nc<br>民族/Na 权力机/Na 构/Na 主席/Na<br>阿拉法特/Nb 的/DE <b>计划/Na</b><br>。/PERIODCATEGORY 草案/Na<br>要求/Na 以色列/Nc 不要/D 采取/VC<br>任何/Neqa 驱逐/VC 阿拉法特/Nb<br>的/DE","ML"
"方案/Na/CNA_CMN_20010108_wpr/4325",0.0224593141370144,0.0115479750852553,"方案","CNA","2001","室/Nc 。/PERIODCATEGORY<br>--/DASHCATEGORY 十四时/Nd<br>,/COMMACATEGORY 研/VE<br>提/VE 落实/Nv 学生/Na 体能/Na<br><b>方案/Na</b> 及/Caa 分/VC<br>年度/Na 完成/VC 目/Na 标/vC<br>简报/Na 会议/Na ,/COMMACATEGORY<br>市府/Nc","TW"
"计划/Na/ZBN_CMN_20030904_wpr/25992",-0.470655571556234,0.308723537842101,"计划","ZBN","2003","份/Nf 只/Da 稍微/D 上升/VA<br>，/COMMACATEGORY 显示/VK<br>本地/Nb 制造商/Na 对/P 生产/VC<br><b>计划/Na</b> 仍/D 抱/VC<br>着/Di 谨慎/VH 态度/Na 。/PERIODCATEGORY<br>宋生文/Nb 也/D 有/V_2 同感/Na","SG"
"计划/Na/ZBN_CMN_20030530_wpr/11418",0.0103664440399573,0.00826887525577267,"计划","ZBN","2003","不会/D 嫌/VK 多/VH 。/PERIODCATEGORY<br>湖人队/Nb 目前/Nd 正在/D 实施/Nv<br>阵容/Na 重组/VC <b>计划/Na</b><br>，/COMMACATEGORY 希望/Na<br>以/P 奥尼尔/Nb 和/Caa 科比布莱恩/Nb<br>这/Nep 对/Nf 带领/Nv 他们/Nh","SG"
"计划/Na/ZBN_CMN_20001116_wpr/9725",-0.11822962522676,-0.0873075845871,"计划","ZBN","2000","他/Nh 也/D 受/P 邀/VF 为/P<br>黄埔区/Nc 第三/Neu 个/Nf 主要/D<br>翻新/VC <b>计划/Na</b> 的/DE<br>投票/Nv 工作/Nv 主持/Na 仪式/Na<br>。/PERIODCATEGORY 复制/VC<br>的/DE 漫画/Na 摊/VC","SG"
"计划/Na/XIN_CMN_20030412_wpr/4672",0.0259580435490575,-0.00583550635345159,"计划","XIN","2003","我/Nh 们/Na 就/D 会/D 制定/VC<br>并/Cbb 实施/Nv 相应/VH 的/DE<br>发展/Na <b>计划/Na</b> 。/PERIODCATEGORY<br>在/P 谈及/VE 此次/Nh 伊拉克/Nc<br>战争/Na 对/P 中远/Nb 的/DE<br>影响/Nv","ML"
"方案/Na/ZBN_CMN_20030730_wpr/78371",0.0275726608577455,0.0425103132364216,"方案","ZBN","2003","学习/VC 。/PERIODCATEGORY<br>”/PARENTHESISCATEGORY<br>他/Nh 透露/VE ，/COMMACATEGORY<br>只有/VJ 当局/Na 提出/VC 的/DE<br><b>方案/Na</b> 获得/VJ 全部/Neqa<br>厂商/Na 同意/Nv 后/Ng ，/COMMACATEGORY<br>当局/Na 才/Da 会/D 正式/VH","SG"
"方案/Na/CNA_CMN_20001214_wpr/77094",-0.00450819199793084,0.0396382666115428,"方案","CNA","2000","方案/Na ,/COMMACATEGORY<br>以/P 求/VC 明年/Nd 顺利/VH<br>执行/VC 。/PERIODCATEGORY<br>多元/Nv 入学/Nv <b>方案/Na</b><br>是/SHI 在/P 今年/Nd 中/Ng<br>由/P 教育部/Nc 拍板/VA 定案/VB<br>,/COMMACATEGORY 宣佈/VE","TW"
"方案/Na/CNA_CMN_20001009_wpr/108007",-0.00861163518788389,0.0465301966834142,"方案","CNA","2000","帐户/Na 。/PERIODCATEGORY<br>张博雅/Nb 表示/VE 正/D 研拟/Nv<br>中/Ng 的/DE 国民/Na 年金/Na<br><b>方案/Na</b> 是/SHI 有/V_2<br>考虑/Nv 劳保/Na 年金/Na 化/VH<br>的/DE 方式/Na ,/COMMACATEGORY<br>至于/Caa","TW"
"计划/Na/XIN_CMN_20001126_wpr/155",0.0404806457858995,-0.11595961691377,"计划","XIN","2000","美/Nc 国/Nc 世界杯赛/Na 前/Ncd<br>阿根廷/Nc 国家队/Na 与/Caa 日本/Nc<br>队/Na 原/A <b>计划/Na</b><br>有/V_2 一/Neu 场/Nf 热身赛/Na<br>,/COMMACATEGORY 但/Cbb<br>由于/Cbb 日本/Nc 拒绝/VF 发给/VD","ML"
"方案/Na/CNA_CMN_20001205_wpr/57619",0.0232456684729267,0.0815010172391491,"方案","CNA","2000","六/Neu 。/PERIODCATEGORY<br>颜/Nb 庆章/Nb 表示/Nv ,/COMMACATEGORY<br>财政部/Nc 与/Caa 央行/Nc 研商/Nv<br><b>方案/Na</b> ,/COMMACATEGORY<br>谋求/VC 基层/Na 金融/Na 机构/Na<br>逾放/VH 问题/Na 的/DE 解决之道/Na<br>。/PERIODCATEGORY","TW"
"计划/Na/XIN_CMN_20030929_wpr/28929",0.00119529130873008,-0.0373048760055323,"计划","XIN","2003","家/Nf ?/QUESTIONCATEGORY<br>”/PARENTHESISCATEGORY<br>9月/Nd 12日/Nd ,/COMMACATEGORY<br>由/P 国家/Na 税务/Na 总局/Nc<br><b>计划/Na</b> 统计司/Nb 与/Caa<br>中国/Na 税务/Na 杂志社/Nc 联合/D<br>推/VC 出/VCL 了/Di 2002年度/Nd","ML"
"计划/Na/XIN_CMN_20030711_wpr/9562",-0.334874802925562,-0.390770640441774,"计划","XIN","2003","吨/Nf ,/COMMACATEGORY<br>比/P 增/VJ 25/Neu %/Nf<br>,/COMMACATEGORY 占/VJ<br>全/Nes 年/Nf <b>计划/Na</b><br>的/DE 54/Neu %/Nf ;/SEMICOLONCATEGORY<br>其中/Nep 集装箱/Na 吞吐量/Na<br>超过/VJ 110万/Neu 标箱/Na","ML"
"方案/Na/CNA_CMN_20010116_wpr/127552",-0.0541735064057279,-0.0268248496239188,"方案","CNA","2001","户/Nf ,/COMMACATEGORY<br>推出/VC 三/Neu 个/Nf 月/Na<br>八千八百/Neu 元/Nf 的/DE 优惠/Nv<br><b>方案/Na</b> ,/COMMACATEGORY<br>将/D 全力/D 抢攻/VCL 企/D 业/Na<br>市场/Nc 。/PERIODCATEGORY<br>国内/Nc 的/DE","TW"
"计划/Na/XIN_CMN_20030503_wpr/15959",-0.0513687572857893,-0.0904332250343444,"计划","XIN","2003","每/Nes 一/Neu 个/Nf 同学/Na<br>都/D 按/P 天/Nc 布置/VC 了/Di<br>学习/VC <b>计划/Na</b> 和/Caa<br>作业/Na ,/COMMACATEGORY<br>到/VCL 了/Di 晚上/Nd ,/COMMACATEGORY<br>老师/Na 将/P 作业/Na","ML"
"计划/Na/ZBN_CMN_20001030_wpr/19335",0.121296550805257,0.0513847254107752,"计划","ZBN","2000","海南/Nc 陈氏/Nb 公会/Nc 举办/VC<br>会徽/Na 设计/Na 比赛/Na 为/VG<br>配合/VC 重建/VC <b>计划/Na</b><br>及/Caa 跟上/VC 时代/Na ，/COMMACATEGORY<br>海南/Nc 陈氏/Nb 公会/Nc 举办/VC<br>会徽/Na 设计/Na","SG"
"计划/Na/ZBN_CMN_20030531_wpr/6696",0.0977704153554888,-0.0820169807230057,"计划","ZBN","2003","本/Nes 月/Nf 24/Neu 日/Nf<br>开始/VH 新加坡/Nc “/PARENTHESISCATEGORY<br>联络/Nv 碗/Na ”/PARENTHESISCATEGORY<br><b>计划/Na</b> 。/PERIODCATEGORY<br>7月/Nd 举办/VC 3/Neu 大型/Na<br>户外文/Na 娱/VC 表演/Na 为了/P<br>配合/VC","SG"
"方案/Na/CNA_CMN_20001014_wpr/31071",0.0190354744531465,0.0760598235472621,"方案","CNA","2000","荒谬/VH 骗局/Na 」/PARENTHESISCATEGORY<br>记者会/Na ,/COMMACATEGORY<br>他/Nh 强调/VE ,/COMMACATEGORY<br>核四/Nc 替代/Nv <b>方案/Na</b><br>争议/Na 不休/VH ,/COMMACATEGORY<br>但/Cbb 外界/Ncd 一直/D 被/P<br>林信义/Nb 所/D 欺骗/VC","TW"
"计划/Na/XIN_CMN_20001122_wpr/52844",0.0313998700226429,-0.0613546076671179,"计划","XIN","2000","的/DE 中国/Na 国民经济/Na 和/P<br>社会/Na 发展/VC 第十/Neu 个/Nf<br>五/Neu 年/Nf <b>计划/Na</b><br>和/Caa 中国/Na 西部大开发/Nb<br>规划/Na 中/Ng ,/COMMACATEGORY<br>中国/Nc 政府/Na 均/D 把/P","ML"
"计划/Na/XIN_CMN_20001116_wpr/41593",-0.0151168911217059,-0.00291100001519275,"计划","XIN","2000","贷款/Na 全部/Neqa 用于/VC 其/Nep<br>移动通信网/Na 的/DE 建设/Na 。/PERIODCATEGORY<br>该/Nes 公司/Nc <b>计划/Na</b><br>到/P 2001年/Nd 底/Ng 将/P<br>其/Nep 移动/Nv 通信网/Na 的/DE<br>国土/Na 覆盖/VC","ML"
"计划/Na/ZBN_CMN_20001123_wpr/1189",0.100223073815462,0.00835858630876894,"计划","ZBN","2000","了/Di 决心/Na ，/COMMACATEGORY<br>也许/D 就/D 会/D 把/P 5/Neu<br>年/Nf 的/DE <b>计划/Na</b><br>提/VE 前/Ng 到/P 一/Neu 年/Nf<br>完成/VC 。/PERIODCATEGORY<br>或者/Caa 提高/VC 导弹/Na","SG"
"计划/Na/ZBN_CMN_20030705_wpr/40546",-0.116712059231271,-0.0242476940389778,"计划","ZBN","2003","港/Nc 创业板/Na 上市/VH 。/PERIODCATEGORY<br>陕西省/Nc 原来/D 有/V_2 150多/Neu<br>家/Nf 企业/Na <b>计划/Na</b><br>在/P 深圳/Nc 二板市场/Nc 上市/VH<br>，/COMMACATEGORY 但/Cbb<br>由于/Cbb 深/VH 圳/Na 二/Neu","SG"
"计划/Na/XIN_CMN_20030603_wpr/81823",-0.0285525277807538,-0.0453985675463272,"计划","XIN","2003","台湾/Na 正隆/Nb 集团/Na 决定/Na<br>将/D 在/P 沪/Nc 投资/VC 从/P<br>原/A <b>计划/Na</b> 的/DE<br>1.5/Neu 亿/Neu 美元/Nf 增加/Nv<br>到/Caa 2亿/Neu 美元/Nf ,/COMMACATEGORY<br>并/Cbb","ML"
"计划/Na/ZBN_CMN_20030809_wpr/30148",0.0110703135165118,-0.0269998852603597,"计划","ZBN","2003","大/VH 步/Nf 。/PERIODCATEGORY<br>”/PARENTHESISCATEGORY<br>马航/Nb 上/Ncd 财政年/Na 因/P<br>资产/Na 重组/VC <b>计划/Na</b><br>，/COMMACATEGORY 而/Cbb<br>报上/VC 了/Di 六/Neu 年/Nf<br>来/VA 的/DE 第一/Neu 次/Nf","SG"
"方案/Na/XIN_CMN_20030604_wpr/52112",0.0111499836826254,-0.0173753264146294,"方案","XIN","2003","中/Ng 的/DE 重大/VH 问题/Na<br>,/COMMACATEGORY 审议/VC<br>华东/Nc 电力/Na 市场/Nc 试点/Na<br><b>方案/Na</b> 、/PAUSECATEGORY<br>电力/Na 市场/Nc 运营/Na 规则/Na<br>、/PAUSECATEGORY 电力/Na<br>市场/Nc 监管/VC 实施/Nv","ML"
